1 10 0.6936589479446411 0.6792903542518616 1.6000770330429077 0.05279503017663956 0.5168918967247009
1 20 0.6941729784011841 0.6659173369407654 1.6660010814666748 0.0718681737780571 0.33979976177215576
1 30 0.6950324773788452 0.6308338046073914 1.2579654455184937 0.10792580246925354 0.24521072208881378
1 40 0.7002471089363098 0.5853708386421204 1.2187029123306274 0.11711711436510086 0.08280254900455475
1 50 0.7038155794143677 0.5809881091117859 1.1601917743682861 0.12648221850395203 0.09142857044935226
1 60 0.6974252462387085 0.608538031578064 1.13461434841156 0.06857142597436905 0.030075188726186752
1 70 0.7126862406730652 0.5259134769439697 1.0009233951568604 0.08178438991308212 0.054054055362939835
1 80 0.7233518362045288 0.5131829977035522 0.9621912837028503 0.0595238097012043 0.03579952195286751
1 90 0.7365280985832214 0.4562768340110779 0.9743375182151794 0.16101695597171783 0.052293576300144196
1 100 0.7162332534790039 0.5187211036682129 0.8935108780860901 0.12826603651046753 0.12529002130031586
1 110 0.7449890971183777 0.4418450593948364 0.8084501028060913 0.1705426424741745 0.05699481815099716
1 120 0.7138214111328125 0.527472972869873 0.7938642501831055 0.04878048598766327 0.0024096386041492224
1 130 0.6988567113876343 0.6103532314300537 0.7361353635787964 0.18333333730697632 0.01451187301427126
1 140 0.6941814422607422 0.6550195813179016 0.6448647379875183 0.08196721225976944 0.01607717014849186
2 150 0.6943199038505554 0.6789593696594238 0.626283586025238 0.13432836532592773 0.02950819581747055
2 160 0.6954429149627686 0.7417304515838623 0.6523221135139465 0.0 0.0
2 170 0.7012008428573608 0.8171328902244568 0.6706240177154541 0.1599999964237213 0.06808510422706604
2 180 0.7596052885055542 1.0811209678649902 0.6360901594161987 0.0 0.0
2 190 0.7167782783508301 0.9094135761260986 0.6477100849151611 0.0 0.0
2 200 0.9159772396087646 1.4981650114059448 0.7112554311752319 0.0 0.0
2 210 1.0986719131469727 1.9915587902069092 0.5990528464317322 0.0 0.0
2 220 1.259240746498108 2.372527837753296 0.526759684085846 0.0 0.0
2 230 0.8094342947006226 1.2199605703353882 0.6714146733283997 0.0 0.0
2 240 0.932036280632019 1.5317820310592651 0.44838178157806396 0.0 0.0
2 250 1.017439603805542 1.8059154748916626 0.4571852385997772 0.0 0.0
2 260 0.8366871476173401 1.292931079864502 0.4160085618495941 0.0 0.0
2 270 0.884076714515686 1.4500364065170288 0.40386274456977844 0.0 0.0
2 280 0.7932724952697754 1.1995054483413696 0.364388644695282 0.0 0.0
3 290 0.7831087708473206 1.152192234992981 0.3492724299430847 1.0 0.0018691589357331395
3 300 0.7348924875259399 0.9732962250709534 0.31354618072509766 0.0 0.0
3 310 0.7190238237380981 0.9136551022529602 0.29104116559028625 0.0 0.0
3 320 0.70071941614151 0.8093324899673462 0.2879578173160553 0.0 0.0
3 330 0.6937875747680664 0.6694916486740112 0.2874681055545807 0.0 0.0
3 340 0.6988345384597778 0.606174111366272 0.2622509300708771 0.0 0.0
3 350 0.7596559524536133 0.4137646555900574 0.33850014209747314 0.0 0.0
3 360 0.8057401776313782 0.3638729453086853 0.262492835521698 0.0 0.0
3 370 0.8430407643318176 0.3402235805988312 0.2639325261116028 0.0 0.0
3 380 0.9730702638626099 0.22274428606033325 0.26183050870895386 0.0 0.0
3 390 0.8074743747711182 0.3582198917865753 0.3264414966106415 0.0 0.0
3 400 0.8889362812042236 0.310735821723938 0.2150895893573761 0.0 0.0
3 410 0.7822316884994507 0.47975122928619385 0.22443635761737823 1.0 0.003246753243729472
3 420 1.1387394666671753 0.2404252290725708 0.20791703462600708 0.0 0.0
4 430 0.8169745802879333 0.3789379596710205 0.2334623783826828 0.0 0.0
4 440 0.8388983011245728 0.3261467218399048 0.18719521164894104 0.0 0.0
4 450 0.7768343687057495 0.40809497237205505 0.22324486076831818 0.0 0.0
4 460 0.8680564165115356 0.29362180829048157 0.16211238503456116 0.0 0.0
4 470 0.7601965069770813 0.43414637446403503 0.19063535332679749 0.0 0.0
4 480 0.7412129640579224 0.4853767156600952 0.48281770944595337 1.0 0.0003660322108771652
4 490 0.7496996521949768 0.49811288714408875 0.15338134765625 1.0 0.003389830468222499
4 500 0.7935811877250671 0.3745632767677307 0.15298354625701904 1.0 0.004962779115885496
4 530 0.7973534464836121 0.4123363196849823 0.17023347318172455 0.0 0.0
4 540 0.7860947251319885 0.36923500895500183 0.12836234271526337 0.0 0.0
4 550 0.735133171081543 0.5046219825744629 0.15468141436576843 0.6666666865348816 0.005361930467188358
4 560 0.813058614730835 0.3596082627773285 0.13956324756145477 1.0 0.0023923444095999002
4 570 0.7499589920043945 0.45217326283454895 0.11015225946903229 0.0 0.0
4 580 0.6967390775680542 0.6374049186706543 0.12267972528934479 1.0 0.0028409091755747795
5 590 0.6955791711807251 0.7473086714744568 0.1362723708152771 1.0 0.001733102253638208
5 600 0.718289315700531 0.9178692698478699 0.202055886387825 0.3333333432674408 0.000928505090996623
5 610 0.7604498863220215 1.1084405183792114 0.10376965999603271 0.0 0.0
5 620 0.767760694026947 1.131375789642334 0.1259755939245224 0.0 0.0
5 630 0.7081212997436523 0.8704723715782166 0.0955306738615036 0.0 0.0
5 640 0.6963999271392822 0.6491570472717285 0.10847452282905579 0.0 0.0
5 650 0.6975432634353638 0.6250163316726685 0.15631668269634247 0.6000000238418579 0.00494233937934041
5 660 0.7523009181022644 0.44393378496170044 0.11620204150676727 0.0 0.0
5 670 0.7928532958030701 0.41851314902305603 0.1477966606616974 1.0 0.01587301678955555
5 680 0.9274939894676208 0.29649263620376587 0.15167081356048584 0.75 0.010033444501459599
5 690 1.3772356510162354 0.13977496325969696 0.11836917698383331 0.0 0.0
5 700 1.8475587368011475 0.102821946144104 0.2978721559047699 1.0 0.005873715039342642
5 710 2.1262569427490234 0.14668475091457367 0.3006698489189148 0.875 0.013671875
5 720 1.6628823280334473 0.12183892726898193 0.2593849301338196 0.0 0.0
5 730 1.5658183097839355 0.19489674270153046 0.18172107636928558 0.875 0.01923076994717121
6 740 1.7169994115829468 0.09356129169464111 0.18900731205940247 1.0 0.003466204507276416
6 750 0.8274709582328796 0.3315896987915039 0.11554227769374847 1.0 0.0063492064364254475
6 760 1.0061166286468506 0.23545166850090027 0.09888827800750732 0.6666666865348816 0.011799409985542297
6 770 0.8069767355918884 0.3800545334815979 0.09883218258619308 1.0 0.016713092103600502
6 780 0.7313114404678345 0.4929831326007843 0.13884808123111725 0.8571428656578064 0.0094191525131464
6 790 0.7223647832870483 0.5038539171218872 0.12690094113349915 0.75 0.0043290043249726295
6 800 0.6993993520736694 0.6175238490104675 0.09222868084907532 0.8571428656578064 0.013761468231678009
6 810 0.7069076299667358 0.5761794447898865 0.082526795566082 0.25 0.0023923444095999002
6 820 0.705909252166748 0.5724462270736694 0.18151210248470306 0.7910447716712952 0.045493561774492264
6 830 0.7191016674041748 0.5126844644546509 0.07442523539066315 1.0 0.007832897827029228
6 840 0.6980383992195129 0.6176513433456421 0.10410720109939575 0.7368420958518982 0.025362318381667137
6 850 0.710766077041626 0.5493075847625732 0.10130999982357025 0.5 0.010380622930824757
6 860 0.693427324295044 0.7044628858566284 0.1516450047492981 0.25 0.0008928571478463709
6 870 0.694304347038269 0.7227203845977783 0.11317291110754013 1.0 0.012362637557089329
7 880 0.6955224871635437 0.7461171746253967 0.05800236016511917 1.0 0.003401360474526882
7 890 0.6997772455215454 0.8045791387557983 0.10445626080036163 0.7428571581840515 0.0416666679084301
7 900 0.716721773147583 0.9089522361755371 0.06261798739433289 0.5714285969734192 0.013745704665780067
7 910 0.751067578792572 1.0629321336746216 0.17716123163700104 0.7142857313156128 0.0041841003112494946
7 920 0.6996810436248779 0.7875142693519592 0.07298455387353897 0.3333333432674408 0.008310249075293541
7 930 0.6940745115280151 0.7243005037307739 0.09337994456291199 0.5384615659713745 0.013806706294417381
7 940 0.6967822313308716 0.6317375302314758 0.08543287217617035 0.7857142686843872 0.027160493656992912
7 950 0.7038867473602295 0.575613796710968 0.05830041319131851 0.0 0.0
7 960 0.6944766044616699 0.6666103601455688 0.06462317705154419 0.3333333432674408 0.005494505632668734
7 970 0.7249870896339417 0.9372588396072388 0.06879165023565292 1.0 0.02631578966975212
7 980 0.9714940190315247 1.6124751567840576 0.11265832930803299 0.0 0.0
7 990 1.0108836889266968 1.7821680307388306 0.1952987015247345 0.7916666865348816 0.019668737426400185
7 1000 0.7453477382659912 1.041510820388794 0.16875025629997253 0.4444444477558136 0.008565310388803482
7 1030 0.7228794693946838 0.9216039776802063 0.050083041191101074 0.6000000238418579 0.048128340393304825
8 1040 0.6958298087120056 0.744330883026123 0.09106583893299103 0.7241379022598267 0.03743315488100052
8 1050 0.6941649317741394 0.6809283494949341 0.16313430666923523 0.7663551568984985 0.07374100387096405
8 1060 0.6941936016082764 0.6980644464492798 0.07342454046010971 0.7575757503509521 0.05882352963089943
8 1070 0.6933883428573608 0.6929791569709778 0.28202083706855774 0.5517241358757019 0.009075439535081387
8 1080 0.6941782236099243 0.6938578486442566 0.05822455510497093 0.698113203048706 0.12758620083332062
8 1090 0.6936071515083313 0.6915826797485352 0.16308331489562988 0.6571428775787354 0.021256931126117706
8 1100 0.6941460371017456 0.6659647822380066 0.05393851548433304 0.800000011920929 0.012269938364624977
8 1110 0.6935297250747681 0.6773548722267151 0.09709443151950836 0.5454545617103577 0.009077155962586403
8 1120 0.6934968829154968 0.6955974102020264 0.08631031960248947 0.75 0.0050847455859184265
8 1130 0.6936235427856445 0.7157623767852783 0.09996688365936279 0.0 0.0
8 1140 0.6934987306594849 0.6748227477073669 0.041584815829992294 0.7142857313156128 0.0602409653365612
8 1150 0.6933023929595947 0.6825785636901855 0.073670893907547 0.0 0.0
8 1160 0.6935304403305054 0.6842751502990723 0.05969792604446411 0.574999988079071 0.057934507727622986
8 1170 0.6934517621994019 0.6805688738822937 0.07126707583665848 0.7894737124443054 0.035211268812417984
9 1180 0.6933817267417908 0.6927366852760315 0.04221145063638687 0.5967742204666138 0.1468254029750824
9 1190 0.695971667766571 0.6335892081260681 0.0855848491191864 0.800000011920929 0.04511278122663498
9 1200 0.6976999640464783 0.6092168092727661 0.067633718252182 0.6315789222717285 0.08181817829608917
9 1210 0.6944975256919861 0.647114634513855 0.1126793846487999 0.7777777910232544 0.03436988592147827
9 1220 0.7016761898994446 0.5821645855903625 0.0849437564611435 0.5 0.010489510372281075
9 1230 0.7076519727706909 0.5500257015228271 0.0559232197701931 0.5555555820465088 0.025773195549845695
9 1240 0.6999590396881104 0.590374767780304 0.10549819469451904 0.7200000286102295 0.12145748734474182
9 1250 0.6947851181030273 0.6422706842422485 0.04973486438393593 0.5 0.023255813866853714
9 1260 0.6933781504631042 0.7019232511520386 0.044517457485198975 0.807692289352417 0.08467742055654526
9 1270 0.6962314248085022 0.7542731165885925 0.1305602639913559 0.6600000262260437 0.03340081125497818
9 1280 0.6938693523406982 0.7219700813293457 0.050567835569381714 0.5660377144813538 0.1041666641831398
9 1290 0.6978323459625244 0.7862884998321533 0.05814499408006668 0.0 0.0
9 1300 0.6951195001602173 0.7524455189704895 0.09747456759214401 0.3333333432674408 0.0015698587521910667
9 1310 0.6946471929550171 0.7326499223709106 0.12749163806438446 0.761904776096344 0.0476900152862072
10 1320 0.7182216644287109 0.8772590160369873 0.05594966933131218 1.0 0.003086419776082039
10 1330 0.9086439609527588 1.5326473712921143 0.13153089582920074 0.10000000149011612 0.0035335689317435026
10 1340 1.1070258617401123 2.0141665935516357 0.31096288561820984 0.0 0.0
10 1350 1.2955867052078247 2.443331003189087 0.08048155158758163 0.8181818127632141 0.03501945361495018
10 1360 0.9988144040107727 1.6973936557769775 0.11700093001127243 0.9275362491607666 0.12723657488822937
10 1370 1.1278293132781982 2.0936038494110107 0.08049802482128143 0.5263158082962036 0.025510204955935478
10 1380 1.7624659538269043 3.4399826526641846 0.14775298535823822 0.125 0.0017985611921176314
10 1390 1.6321780681610107 3.107933282852173 0.35378551483154297 0.7291666865348816 0.07246376574039459
10 1400 1.5031908750534058 2.792813539505005 0.21878378093242645 0.7631579041481018 0.06502242386341095
10 1410 1.4213688373565674 2.7513856887817383 0.10276554524898529 1.0 0.11675126850605011
10 1420 1.295536994934082 2.4923741817474365 0.05748802796006203 1.0 0.028301887214183807
10 1430 0.88173508644104 1.4490517377853394 0.12026897072792053 0.6785714030265808 0.035647280514240265
10 1440 0.8684399724006653 1.439693808555603 0.052838776260614395 0.75 0.03908794745802879
10 1450 0.7207394242286682 0.9291967153549194 0.10749877989292145 0.3888888955116272 0.030434781685471535
10 1460 0.7164917588233948 0.898148775100708 0.0561695396900177 0.75 0.0458715595304966
11 1470 0.6939301490783691 0.7156078219413757 0.05514797195792198 0.26923078298568726 0.02140672691166401
11 1480 0.6936508417129517 0.7060105204582214 0.09194370359182358 0.5357142686843872 0.026833631098270416
11 1490 0.6935547590255737 0.7094516754150391 0.04055314511060715 0.260869562625885 0.022641509771347046
11 1500 0.693778932094574 0.7152264714241028 0.09050944447517395 0.7962962985038757 0.08082706481218338
11 1530 0.6937923431396484 0.7158353328704834 0.11008482426404953 0.75 0.020942408591508865
11 1540 0.6946340799331665 0.7364196181297302 0.2939640283584595 0.6984127163887024 0.04265632480382919
11 1550 0.6937206387519836 0.7141633629798889 0.06659551709890366 0.7333333492279053 0.027848102152347565
11 1560 0.6940171718597412 0.7195358276367188 0.084151491522789 0.5555555820465088 0.021141648292541504
11 1570 0.6942619681358337 0.7197056412696838 0.04237230122089386 0.0 0.0
11 1580 0.6937535405158997 0.6779592037200928 0.05691275745630264 0.375 0.022332506254315376
11 1590 0.6969307661056519 0.6148191690444946 0.04835231229662895 0.0 0.0
11 1600 0.6960476040840149 0.6312637329101562 0.07920651137828827 0.800000011920929 0.030075188726186752
11 1610 0.6954067945480347 0.6466189026832581 0.06642244011163712 0.5925925970077515 0.046783626079559326
11 1620 0.702707052230835 0.584303617477417 0.051936060190200806 0.0 0.0
12 1630 0.7102067470550537 0.5595434308052063 0.10149767994880676 0.6363636255264282 0.013513513840734959
12 1640 0.8087451457977295 0.422807514667511 0.18567495048046112 0.7567567825317383 0.04597701132297516
12 1650 0.905750036239624 0.30351388454437256 0.1430150270462036 0.3488371968269348 0.03393665328621864
12 1660 1.1863809823989868 0.1761104315519333 0.1044156551361084 0.7058823704719543 0.034090910106897354
12 1670 1.8280014991760254 0.1809835582971573 0.302263081073761 0.5454545617103577 0.04395604506134987
12 1680 1.2524760961532593 0.2131388783454895 0.19087281823158264 0.5625 0.023076923564076424
12 1690 1.6338646411895752 0.08358799666166306 0.131791889667511 0.5714285969734192 0.04383561760187149
12 1700 1.332876443862915 0.13758309185504913 0.4111325144767761 0.40740740299224854 0.010261193849146366
12 1710 1.7390573024749756 0.10961293429136276 0.19378405809402466 0.5641025900840759 0.05626598373055458
12 1720 2.7865169048309326 0.018481578677892685 0.2140910029411316 1.0 0.03461538627743721
12 1730 3.5606484413146973 0.02240144833922386 0.25599998235702515 0.32499998807907104 0.020733652636408806
12 1740 1.9116359949111938 0.09843510389328003 0.2298174798488617 0.5520833134651184 0.08952702581882477
12 1750 1.406172275543213 0.21182183921337128 0.16813147068023682 0.7837837934494019 0.11717171967029572
12 1760 1.1899036169052124 0.23407293856143951 0.13756753504276276 0.699999988079071 0.029978586360812187
13 1770 0.9933669567108154 0.28121426701545715 0.09646573662757874 0.0 0.0
13 1780 0.9306759238243103 0.29202380776405334 0.10272541642189026 0.6623376607894897 0.12142857164144516
13 1790 0.7796972393989563 0.421530544757843 0.05816790461540222 0.48275861144065857 0.08562690764665604
13 1800 0.7616315484046936 0.4139910936355591 0.0826253592967987 0.6666666865348816 0.007575757801532745
13 1810 0.705909013748169 0.562485933303833 0.0758325606584549 1.0 0.02238805964589119
13 1820 0.695436954498291 0.6517363786697388 0.0499977171421051 0.6071428656578064 0.09392265230417252
13 1830 0.6946332454681396 0.680566668510437 0.11530280858278275 0.625 0.07621951401233673
13 1840 0.6928180456161499 0.6751157641410828 0.15900170803070068 0.5789473652839661 0.015027322806417942
13 1850 0.6942254304885864 0.6694065928459167 0.0689290463924408 0.6875 0.024719100445508957
13 1860 0.6938581466674805 0.669062077999115 0.059738922864198685 0.75 0.07817589491605759
13 1870 0.6936649680137634 0.6771665811538696 0.03966377675533295 0.0 0.0
13 1880 0.6939579248428345 0.6683809161186218 0.03876478970050812 0.0 0.0
13 1890 0.6939401626586914 0.6708396077156067 0.04025385528802872 0.25 0.007042253389954567
13 1900 0.6950739622116089 0.6425689458847046 0.0744590014219284 0.8064516186714172 0.055187638849020004
14 1910 0.6953192949295044 0.6396840810775757 0.07833746075630188 0.7111111283302307 0.06543967127799988
14 1920 0.6944389343261719 0.6557043790817261 0.10439164936542511 0.3333333432674408 0.0086805559694767
14 1930 0.6954815983772278 0.6399803757667542 0.03088366985321045 0.8571428656578064 0.026200873777270317
14 1940 0.6950060129165649 0.6535691022872925 0.06113765761256218 0.9166666865348816 0.10476190596818924
14 1950 0.6966190934181213 0.6307809948921204 0.0593072734773159 0.6282051205635071 0.14714714884757996
14 1960 0.6969906091690063 0.6322827935218811 0.08136191964149475 0.6911764740943909 0.10657596588134766
14 1970 0.7038987278938293 0.5748370885848999 0.07479293644428253 0.8260869383811951 0.08636363595724106
14 1980 0.7073716521263123 0.5496559739112854 0.26058268547058105 0.3057851195335388 0.025050777941942215
14 1990 0.7016303539276123 0.5779967308044434 0.04304078221321106 0.0 0.0
14 2000 0.7021175622940063 0.588078498840332 0.0855495035648346 0.8571428656578064 0.0533333346247673
14 2030 0.7029849290847778 0.5869136452674866 0.16540434956550598 0.523809552192688 0.014569536782801151
14 2040 0.7055332660675049 0.5610625743865967 0.13331899046897888 0.6666666865348816 0.018205462023615837
14 2050 0.7087013125419617 0.5515852570533752 0.09322427958250046 0.4285714328289032 0.01056338008493185
14 2060 0.7072041034698486 0.5546571016311646 0.11112542450428009 0.625 0.061919502913951874
14 2070 0.7086728811264038 0.5482954382896423 0.20731329917907715 0.698630154132843 0.08199357241392136
15 2080 0.7047736644744873 0.5693754553794861 0.07484772801399231 0.75 0.1071428582072258
15 2090 0.7054469585418701 0.5699832439422607 0.0570988729596138 0.75 0.04181184619665146
15 2100 0.7061117887496948 0.5756517052650452 0.12876056134700775 0.8125 0.04727272689342499
15 2110 0.6973938941955566 0.6374340057373047 0.14311081171035767 0.6176470518112183 0.05289672687649727
15 2120 0.7049474120140076 0.5858447551727295 0.11774340271949768 0.6521739363670349 0.06465516984462738
15 2130 0.7050493955612183 0.5802372097969055 0.20167261362075806 0.7333333492279053 0.016248153522610664
15 2140 0.7057571411132812 0.5721181631088257 0.3258702754974365 0.5036496520042419 0.06289881467819214
15 2150 0.7420603036880493 0.451642781496048 0.09298969060182571 0.4848484992980957 0.044692736119031906
15 2160 0.8376966118812561 0.3281918168067932 0.10681834071874619 0.0 0.0
15 2170 1.0397651195526123 0.27207469940185547 0.1392356902360916 0.3333333432674408 0.003246753243729472
15 2180 1.1532222032546997 0.19336695969104767 0.19712485373020172 0.0 0.0
15 2190 1.0906352996826172 0.2156515270471573 0.17581507563591003 0.6962962746620178 0.1666666716337204
15 2200 0.9089144468307495 0.3522743880748749 0.3585233986377716 0.5 0.0015748031437397003
15 2210 0.9826155304908752 0.24814799427986145 0.1505664885044098 1.0 0.009345794096589088
16 2220 0.816149890422821 0.34758830070495605 0.27984505891799927 0.6148648858070374 0.10033076256513596
16 2230 0.7226845622062683 0.5086645483970642 0.2531379163265228 0.7064220309257507 0.08641975373029709
16 2240 0.7100304961204529 0.5724921822547913 0.11156727373600006 0.5671641826629639 0.08695652335882187
16 2250 0.7007060050964355 0.6239755153656006 0.18104547262191772 0.5405405163764954 0.029629629105329514
16 2260 0.697096586227417 0.6877962946891785 0.0880286693572998 0.625 0.02985074557363987
16 2270 0.6952421069145203 0.6808885335922241 0.09736008942127228 0.7368420958518982 0.03684210404753685
16 2280 0.6966654062271118 0.6577791571617126 0.08447623252868652 0.4615384638309479 0.020066889002919197
16 2290 0.697417140007019 0.6390351057052612 0.14922423660755157 0.7272727489471436 0.013816925697028637
16 2300 0.6997029185295105 0.6550272107124329 0.17472577095031738 0.6699029207229614 0.07805430144071579
16 2310 0.7035306692123413 0.5825663208961487 0.06505066901445389 0.20000000298023224 0.0028818442951887846
16 2320 0.6985764503479004 0.6583223938941956 0.10083861649036407 0.5862069129943848 0.039906103163957596
16 2330 0.6967324018478394 0.6397690176963806 0.17331784963607788 0.125 0.0020325202494859695
16 2340 0.7065457105636597 0.5866773724555969 0.1398061066865921 0.47826087474823 0.024229075759649277
16 2350 0.7068887948989868 0.5816054344177246 0.08851486444473267 0.7058823704719543 0.055045872926712036
17 2360 0.7143669724464417 0.544775664806366 0.18968185782432556 0.4399999976158142 0.02231237292289734
17 2370 0.699887752532959 0.6407940983772278 0.17496712505817413 0.800000011920929 0.08856088668107986
17 2380 0.7121908068656921 0.5748780369758606 0.10514459758996964 0.6499999761581421 0.04545454680919647
17 2390 0.7272233366966248 0.518781304359436 0.16910657286643982 0.13636364042758942 0.006109979469329119
17 2400 1.0612536668777466 0.19529446959495544 0.6560066342353821 0.31111112236976624 0.014141414314508438
17 2410 1.1406855583190918 0.24550287425518036 0.3497573137283325 0.7272727489471436 0.01785714365541935
17 2420 1.0255745649337769 0.28594550490379333 0.25523099303245544 0.625 0.0642673522233963
17 2430 1.5716230869293213 0.12188775092363358 0.34318840503692627 0.4318181872367859 0.03893442451953888
17 2440 1.3998992443084717 0.25241026282310486 0.277876079082489 0.9117646813392639 0.08179419487714767
17 2450 2.1180646419525146 0.05738673731684685 0.34855765104293823 0.800000011920929 0.0078125
17 2460 2.6329565048217773 0.019507184624671936 1.123227596282959 0.5702479481697083 0.039677977561950684
17 2470 2.070988416671753 0.08968484401702881 0.2065664380788803 0.699999988079071 0.06461538374423981
17 2480 1.7998201847076416 0.11393660306930542 0.3473071753978729 0.4521739184856415 0.08609271794557571
17 2490 1.5870213508605957 0.15240564942359924 0.1902790516614914 0.6870229244232178 0.2432432472705841
18 2500 1.6977897882461548 0.1453007310628891 0.1261134147644043 0.0 0.0
18 2530 1.251588225364685 0.16143427789211273 0.16977933049201965 0.5614035129547119 0.08398950099945068
18 2540 0.86627197265625 0.3396037817001343 0.25461405515670776 0.25757575035095215 0.0476190485060215
18 2550 0.9242560863494873 0.2596665620803833 0.1908378154039383 0.7317073345184326 0.10676156729459763
18 2560 0.7852978706359863 0.39904847741127014 0.1992611289024353 0.6818181872367859 0.058027077466249466
18 2570 0.7095251083374023 0.5911579132080078 0.3699672818183899 0.5625 0.04157043993473053
18 2580 0.7089685201644897 0.6405394077301025 0.15688808262348175 0.42657342553138733 0.20000000298023224
18 2590 0.6992849111557007 0.6536815762519836 0.2622906565666199 0.6521739363670349 0.02688172087073326
18 2600 0.7009719014167786 0.6489080786705017 0.23978182673454285 0.658823549747467 0.10108303278684616
18 2610 0.7075640559196472 0.6324741244316101 0.08221201598644257 0.6600000262260437 0.10679611563682556
18 2620 0.7030888795852661 0.6482726335525513 0.3237302899360657 0.6296296119689941 0.055737704038619995
18 2630 0.704805850982666 0.579546332359314 0.12322171032428741 0.0 0.0
18 2640 0.7093241214752197 0.6252403855323792 0.10480321198701859 0.5416666865348816 0.041009463369846344
18 2650 0.7135577201843262 0.5879630446434021 0.36046820878982544 0.7654321193695068 0.0833333358168602
18 2660 0.70245361328125 0.6304864287376404 0.4275560677051544 0.796875 0.04501323774456978
19 2670 0.7066900730133057 0.623906135559082 0.08731573820114136 0.5555555820465088 0.036496348679065704
19 2680 0.7145026922225952 0.6149208545684814 0.07140003889799118 0.8064516186714172 0.09541984647512436
19 2690 0.7021673917770386 0.6072823405265808 0.10359904915094376 0.42105263471603394 0.02888086624443531
19 2700 0.702144205570221 0.6336458325386047 0.22660993039608002 1.0 0.007334963418543339
19 2710 0.7095620632171631 0.6552334427833557 0.15831148624420166 0.3870967626571655 0.031088082119822502
19 2720 0.7166150808334351 0.6323659420013428 0.2807351350784302 0.40789473056793213 0.0562613420188427
19 2730 0.706130862236023 0.6183549165725708 0.6229379177093506 0.6521739363670349 0.02777777798473835
19 2740 0.7179867029190063 0.5845619440078735 0.13443289697170258 0.8181818127632141 0.05590062215924263
19 2750 0.7422040700912476 0.4798193573951721 0.6377509236335754 0.36000001430511475 0.009513742290437222
19 2760 1.0765492916107178 0.2378702163696289 0.40034544467926025 0.75 0.006185567006468773
19 2770 1.6506487131118774 0.07646717131137848 0.4589545726776123 0.6666666865348816 0.022371364757418633
19 2780 1.6196142435073853 0.1219719648361206 0.39735645055770874 0.5866666436195374 0.09185803681612015
19 2790 1.813513159751892 0.0747392326593399 0.5429609417915344 0.782608687877655 0.035573121160268784
19 2800 2.642493486404419 0.047889139503240585 0.4422712028026581 0.7142857313156128 0.031578946858644485
20 2810 2.7830095291137695 0.008655724115669727 0.3666958212852478 0.7142857313156128 0.0416666679084301
20 2820 2.7598845958709717 0.011322064325213432 0.7037463784217834 0.6880000233650208 0.1017751470208168
20 2830 3.14994478225708 0.036571674048900604 0.4170992970466614 0.4117647111415863 0.026070764288306236
20 2840 1.7366523742675781 0.11742798238992691 0.3454505205154419 0.7272727489471436 0.04278074949979782
20 2850 1.5859888792037964 0.16733209788799286 0.8555277585983276 0.5961538553237915 0.05605786666274071
20 2860 1.5545638799667358 0.1298799365758896 0.2487463355064392 0.5142857432365417 0.055045872926712036
20 2870 1.3189235925674438 0.15840241312980652 0.21852895617485046 0.7301587462425232 0.10978519916534424
20 2880 0.8636288046836853 0.35472002625465393 0.4375045895576477 0.1034482792019844 0.004838709719479084
20 2890 0.7965437173843384 0.3940095603466034 0.15550002455711365 0.1666666716337204 0.005464480724185705
20 2900 0.7641009092330933 0.4659407138824463 0.26963531970977783 0.6037735939025879 0.07239819318056107
20 2910 0.7149556875228882 0.6087210774421692 0.12195725739002228 0.59375 0.08050847798585892
20 2920 0.7094006538391113 0.6702846884727478 0.21562793850898743 0.11764705926179886 0.006116208154708147
20 2930 0.7181386947631836 0.6695730090141296 0.2108311802148819 0.36000001430511475 0.05781584605574608
20 2940 0.700701117515564 0.6183222532272339 0.48279765248298645 0.20000000298023224 0.004494382068514824
21 2950 0.7264940738677979 0.6276999115943909 0.12132114171981812 0.8235294222831726 0.047457627952098846
21 2960 0.7013576030731201 0.6199901700019836 0.1055629551410675 0.0 0.0
21 2970 0.7046082019805908 0.5704575181007385 0.2532922327518463 0.7142857313156128 0.017921147868037224
21 2980 0.7381397485733032 0.5169094204902649 0.23476797342300415 0.30000001192092896 0.004854368977248669
21 2990 0.7082697749137878 0.5920621752738953 0.2695619463920593 0.5 0.030188679695129395
21 3000 0.7141413688659668 0.5798278450965881 0.18677759170532227 0.20000000298023224 0.02247191034257412
21 3030 0.7294251322746277 0.5068602561950684 0.169173926115036 0.6190476417541504 0.03504043072462082
21 3040 0.7492470145225525 0.5209363102912903 0.4223833680152893 0.23333333432674408 0.009043927304446697
21 3050 0.748080849647522 0.5572356581687927 0.3405546545982361 0.7647058963775635 0.08924484997987747
21 3060 0.748432993888855 0.5178419351577759 0.13469381630420685 0.7692307829856873 0.035587187856435776
21 3070 0.7451560497283936 0.48929736018180847 0.5327178239822388 0.7407407164573669 0.021008403971791267
21 3080 0.7968540191650391 0.4330544173717499 0.17030450701713562 0.5555555820465088 0.017241379246115685
21 3090 0.8432545065879822 0.4240637719631195 0.4066134989261627 0.5581395626068115 0.06106870248913765
21 3100 1.563129186630249 0.09903892874717712 0.27427875995635986 0.2857142984867096 0.0379403792321682
21 3110 1.4313650131225586 0.263279527425766 0.8959739208221436 0.3333333432674408 0.014124293811619282
22 3120 2.0949137210845947 0.09816224873065948 0.2098173052072525 0.4545454680919647 0.024752475321292877
22 3130 2.215733528137207 0.07909593731164932 3.0571846961975098 0.3888888955116272 0.022435897961258888
22 3140 3.209287405014038 0.09281058609485626 0.2782774567604065 0.695652186870575 0.042328041046857834
22 3150 3.0904643535614014 0.02397695742547512 0.4928770363330841 0.4326923191547394 0.06787330657243729
22 3160 2.1227426528930664 0.06738295406103134 0.9406726360321045 0.4678899049758911 0.04264213889837265
22 3170 1.507970929145813 0.20131462812423706 0.35733237862586975 0.6206896305084229 0.03821656107902527
22 3180 1.7951016426086426 0.08609513193368912 0.39650169014930725 0.5555555820465088 0.006896551698446274
22 3190 1.1960668563842773 0.12621143460273743 0.14413130283355713 0.5 0.004032257944345474
22 3200 0.9459313750267029 0.25749269127845764 0.1811404675245285 0.6521739363670349 0.03937007859349251
22 3210 0.8058599829673767 0.4075339138507843 0.6048235893249512 0.5 0.03758542239665985
22 3220 0.744552731513977 0.5092705488204956 0.3118174970149994 0.8620689511299133 0.0476190485060215
22 3230 0.7773287892341614 0.42854809761047363 0.958200991153717 0.2767857015132904 0.037781842052936554
22 3240 0.7483909726142883 0.5734233856201172 0.31034690141677856 0.8101266026496887 0.14883720874786377
22 3250 0.7433576583862305 0.5106089115142822 0.22046008706092834 0.47058823704719543 0.06315789371728897
23 3260 0.7455747127532959 0.47749531269073486 0.7475335001945496 0.7428571581840515 0.019622640684247017
23 3270 0.7335466146469116 0.5074407458305359 0.45523080229759216 0.375 0.0028382213786244392
23 3280 0.7616745233535767 0.48307666182518005 0.24132438004016876 0.49166667461395264 0.10516934096813202
23 3290 0.7926009893417358 0.40582627058029175 0.32054129242897034 0.6428571343421936 0.0982532724738121
23 3300 0.7628530263900757 0.45643335580825806 0.17516139149665833 0.6399999856948853 0.04030226543545723
23 3310 0.7414897680282593 0.49052464962005615 1.3294589519500732 0.2950819730758667 0.019410496577620506
23 3320 0.7332461476325989 0.5465259552001953 0.4991310238838196 0.1666666716337204 0.021021021530032158
23 3330 0.7576987743377686 0.42836815118789673 0.14247240126132965 0.3333333432674408 0.003401360474526882
23 3340 0.7583950757980347 0.4877951741218567 0.4110420048236847 0.5538461804389954 0.035820893943309784
23 3350 0.7861727476119995 0.4291945695877075 0.7984446287155151 0.5052631497383118 0.03966942057013512
23 3360 0.7822996377944946 0.4298980236053467 0.23591317236423492 0.3888888955116272 0.01983002759516239
23 3370 0.7646616697311401 0.4306698143482208 0.2630484402179718 0.6666666865348816 0.029288703575730324
23 3380 0.8040165305137634 0.3931746780872345 0.4064723253250122 0.5428571701049805 0.041575491428375244
23 3390 0.9149852991104126 0.35258281230926514 0.6887087225914001 0.28930819034576416 0.06927710771560669
24 3400 0.8580109477043152 0.432236909866333 0.5474854707717896 0.6108108162879944 0.10319634526968002
24 3410 1.2293646335601807 0.22303588688373566 0.46621665358543396 0.4923076927661896 0.07191011309623718
24 3420 1.9852811098098755 0.10526096075773239 1.1759344339370728 0.29032257199287415 0.015332197770476341
24 3430 3.1713407039642334 0.016228647902607918 0.7641921043395996 0.5384615659713745 0.0243055559694767
24 3440 2.6244759559631348 0.14741003513336182 0.39660370349884033 0.1818181872367859 0.005347593687474728
24 3450 2.731248617172241 0.09974611550569534 0.5094698667526245 0.7200000286102295 0.08888889104127884
24 3460 3.325714588165283 0.008616027422249317 0.8504214882850647 0.38532111048698425 0.05519053712487221
24 3470 2.535869836807251 0.13867205381393433 0.5038514733314514 0.488095223903656 0.07779885828495026
24 3480 2.9507741928100586 0.042632102966308594 1.313515305519104 0.6162790656089783 0.053589485585689545
24 3490 2.4393668174743652 0.04604463279247284 0.43226248025894165 0.7301587462425232 0.15257048606872559
24 3500 2.345179557800293 0.06271077692508698 0.9271844625473022 0.6454545259475708 0.0715005025267601
24 3530 2.2824692726135254 0.04762446880340576 0.34505540132522583 0.22972972691059113 0.04292929172515869
24 3540 2.227435350418091 0.056154027581214905 0.44088348746299744 0.6470588445663452 0.025229357182979584
24 3550 1.7728674411773682 0.05899349972605705 0.3772490620613098 0.10869564861059189 0.008880994282662868
25 3560 1.1130390167236328 0.25921472907066345 0.501246988773346 0.6666666865348816 0.03496503457427025
25 3570 0.922439455986023 0.32442986965179443 0.2075371891260147 0.800000011920929 0.0699300691485405
25 3580 0.8480650186538696 0.4138261377811432 0.2718566358089447 0.5877193212509155 0.15581394731998444
25 3590 0.8179965615272522 0.4849942922592163 0.18378138542175293 0.5185185074806213 0.04605263099074364
25 3600 0.7664766311645508 0.4699740409851074 0.6961378455162048 0.4938271641731262 0.03284072130918503
25 3610 0.78132164478302 0.454244464635849 0.4211385250091553 0.7241379022598267 0.04411764815449715
25 3620 0.7607380151748657 0.48762938380241394 1.6744428873062134 0.3885350227355957 0.024517685174942017
25 3630 0.7784857153892517 0.402811735868454 0.18611359596252441 0.3333333432674408 0.007905138656497002
25 3640 0.776495099067688 0.5024675130844116 0.29176637530326843 0.4571428596973419 0.036036036908626556
25 3650 0.740879237651825 0.5022665858268738 0.4530268907546997 0.4285714328289032 0.003947368357330561
25 3660 0.8668993711471558 0.41521427035331726 0.6009254455566406 0.5957446694374084 0.10499999672174454
25 3670 0.9125801920890808 0.349184513092041 0.3596950173377991 0.6050000190734863 0.23540855944156647
25 3680 0.829250693321228 0.3953455686569214 0.6590240001678467 0.75 0.06169665977358818
25 3690 0.8493506908416748 0.4035988450050354 0.18872304260730743 0.6222222447395325 0.08615384250879288
25 3700 1.0020664930343628 0.2843896448612213 0.6080876588821411 0.4117647111415863 0.018691588193178177
26 3710 1.2063379287719727 0.21864305436611176 0.4358702301979065 0.46296295523643494 0.04378283768892288
26 3720 2.171747922897339 0.06278031319379807 0.6665574312210083 0.375 0.024439917877316475
26 3730 2.8113415241241455 0.025267550721764565 0.8168075084686279 0.7142857313156128 0.1111111119389534
26 3740 3.1733365058898926 0.02906586043536663 0.9749263525009155 0.4615384638309479 0.06770098954439163
26 3750 3.193765640258789 0.03695141151547432 0.8020222783088684 0.45588234066963196 0.11439114063978195
26 3760 5.058315277099609 0.049331992864608765 1.6407560110092163 0.6399999856948853 0.043478261679410934
26 3770 3.3687901496887207 0.07858205586671829 0.571169376373291 0.6164383292198181 0.12162162363529205
26 3780 4.066219806671143 0.00824354961514473 0.37661507725715637 0.0 0.0
26 3790 2.6373133659362793 0.039603494107723236 0.6918728351593018 0.7166666388511658 0.076241135597229
26 3800 1.6918609142303467 0.11866547912359238 0.1869455724954605 0.6078431606292725 0.12809917330741882
26 3810 1.5229533910751343 0.17384308576583862 0.4676247239112854 0.18571428954601288 0.03448275849223137
26 3820 1.2688369750976562 0.16327819228172302 0.592525839805603 0.585106372833252 0.05408062785863876
26 3830 0.9869389533996582 0.32216882705688477 0.38912081718444824 0.875 0.08045977354049683
26 3840 0.8326992988586426 0.41165441274642944 0.3449740707874298 0.48275861144065857 0.047457627952098846
27 3850 0.7901721000671387 0.4512171745300293 0.9791374206542969 0.43410852551460266 0.03573707863688469
27 3860 0.7934411764144897 0.5442993640899658 0.3508196771144867 0.595588207244873 0.13941480219364166
27 3870 0.7506725788116455 0.5668842196464539 0.17448025941848755 0.6470588445663452 0.14102564752101898
27 3880 0.7628754377365112 0.5546278953552246 0.2790234684944153 0.6702127456665039 0.11190053075551987
27 3890 0.7971672415733337 0.48296400904655457 0.20356355607509613 0.6111111044883728 0.0623229444026947
27 3900 0.7656125426292419 0.41334110498428345 0.1690976321697235 0.3529411852359772 0.015037594363093376
27 3910 0.8449049592018127 0.40019455552101135 0.2544286847114563 0.7111111283302307 0.06911446899175644
27 3920 0.9407474398612976 0.2483765035867691 0.1662982851266861 0.6666666865348816 0.036866359412670135
27 3930 0.7968233227729797 0.4418756067752838 1.0572270154953003 0.6666666865348816 0.007507507689297199
27 3940 0.8810121417045593 0.38511180877685547 0.22178292274475098 0.41860464215278625 0.03870967775583267
27 3950 0.8526716232299805 0.3710412085056305 0.1664344072341919 0.7222222089767456 0.050193049013614655
27 3960 0.7956333160400391 0.4210415482521057 0.0849415510892868 0.0 0.0
27 3970 0.7971606254577637 0.41223740577697754 0.15866461396217346 0.6818181872367859 0.04934210702776909
27 3980 0.8128821849822998 0.41934600472450256 0.18356181681156158 0.1875 0.008620689623057842
28 3990 0.7799478769302368 0.505257785320282 0.2875152826309204 0.3560209572315216 0.13412228226661682
28 4000 0.7838885188102722 0.4193056523799896 0.20665961503982544 0.3913043439388275 0.022670025005936623
28 4030 0.8214128017425537 0.4567006230354309 0.4326416552066803 0.5379746556282043 0.12724551558494568
28 4040 0.8807780742645264 0.39735034108161926 0.12643717229366302 0.8275862336158752 0.11538461595773697
28 4050 0.9604119062423706 0.3237730860710144 0.2759261131286621 0.44999998807907104 0.020881671458482742
28 4060 1.1547162532806396 0.21555094420909882 0.45821380615234375 0.5882353186607361 0.020790020003914833
28 4070 1.8101584911346436 0.09928194433450699 0.513066291809082 0.7857142686843872 0.1074918583035469
28 4080 2.186875104904175 0.05365489050745964 1.3325378894805908 0.692307710647583 0.017699114978313446
28 4090 2.609236240386963 0.12037330120801926 1.2097868919372559 0.5344827771186829 0.10333333164453506
28 4100 2.459035873413086 0.0968443751335144 0.6042765974998474 0.5378151535987854 0.11764705926179886
28 4110 4.503514766693115 0.02816416695713997 1.036152958869934 0.5454545617103577 0.030927835032343864
28 4120 6.5754714012146 0.02109847031533718 2.087676763534546 0.569767415523529 0.04066390171647072
28 4130 3.5600008964538574 0.02754862606525421 1.5988253355026245 0.597122311592102 0.07742537558078766
28 4140 4.460476398468018 0.03454840928316116 0.6986147165298462 0.8571428656578064 0.054054055362939835
29 4150 15.05863094329834 0.016376744955778122 1.2796854972839355 0.5957446694374084 0.05156537890434265
29 4160 24.819889068603516 0.033932846039533615 0.6175496578216553 0.5555555820465088 0.01773049682378769
29 4170 4.421028137207031 0.048396095633506775 1.318422794342041 0.4444444477558136 0.042360059916973114
29 4180 10.389945030212402 0.010901324450969696 0.2932544946670532 0.523809552192688 0.03384615480899811
29 4190 13.94390869140625 0.03351949155330658 1.0580055713653564 0.523809552192688 0.05238095298409462
29 4200 9.474546432495117 0.0017031221650540829 0.8330444097518921 0.6000000238418579 0.02261306531727314
29 4210 3.1648480892181396 0.03821112960577011 0.5834782123565674 0.4166666567325592 0.033557046204805374
29 4220 2.5336995124816895 0.12993505597114563 0.9174445271492004 0.7021276354789734 0.05967450141906738
29 4230 2.7888641357421875 0.027285423129796982 0.6457531452178955 0.78125 0.09242144227027893
29 4240 1.2727667093276978 0.21135440468788147 0.6304180026054382 0.6086956262588501 0.035353533923625946
29 4250 1.1302845478057861 0.2298423796892166 1.0030264854431152 0.19148936867713928 0.01727447286248207
29 4260 1.2001540660858154 0.189943328499794 0.19724243879318237 0.3333333432674408 0.016194332391023636
29 4270 0.9887839555740356 0.32733070850372314 0.4771820902824402 0.6164383292198181 0.07731958478689194
29 4280 0.8876364231109619 0.40288084745407104 0.49762213230133057 0.6153846383094788 0.07294832915067673
30 4290 0.7425496578216553 0.5708283185958862 0.19323572516441345 0.3076923191547394 0.011976048350334167
30 4300 0.7430700063705444 0.5361455678939819 0.33617183566093445 0.2857142984867096 0.022346368059515953
30 4310 0.7847946882247925 0.49746885895729065 1.8192424774169922 0.368794322013855 0.020472440868616104
30 4320 0.7982383966445923 0.4963815212249756 0.3860468864440918 0.4285714328289032 0.0234375
30 4330 0.8093473315238953 0.4931786060333252 0.19683241844177246 0.7222222089767456 0.07878787815570831
30 4340 0.8401790261268616 0.44557198882102966 0.3752734661102295 0.5182926654815674 0.1032806783914566
30 4350 0.7755633592605591 0.5323724150657654 0.15430434048175812 0.5833333134651184 0.025925925001502037
30 4360 0.7449935078620911 0.5328875780105591 0.27957332134246826 0.44680851697921753 0.03333333507180214
30 4370 0.7727319002151489 0.5165457129478455 0.17709003388881683 0.7058823704719543 0.05042016878724098
30 4380 0.7413964867591858 0.5100152492523193 0.35915160179138184 0.6538461446762085 0.025641025975346565
30 4390 0.7171556949615479 0.561749279499054 0.10307975113391876 0.6153846383094788 0.030075188726186752
30 4400 0.7400261163711548 0.5214160084724426 0.3147609233856201 0.2448979616165161 0.02185792289674282
30 4410 0.7347908020019531 0.5426107048988342 0.18050774931907654 0.5636363625526428 0.06042885035276413
30 4420 0.7463680505752563 0.48540428280830383 0.18081025779247284 0.8125 0.03903903812170029
30 4430 0.7128912806510925 0.5570529103279114 0.22608788311481476 1.0 0.01246882788836956
31 4440 0.7121710181236267 0.5697901844978333 0.17776265740394592 0.10000000149011612 0.0027322403620928526
31 4450 0.7603107690811157 0.5611803531646729 0.14705783128738403 0.25 0.008064515888690948
31 4460 0.7588812708854675 0.5513403415679932 0.539560079574585 0.4536082446575165 0.04894326999783516
31 4470 0.710074782371521 0.5682607889175415 0.13550037145614624 0.0 0.0
31 4480 0.7254683375358582 0.5351574420928955 0.9072121977806091 0.7368420958518982 0.01032448373734951
31 4490 0.7535659670829773 0.46821776032447815 0.20161224901676178 0.9655172228813171 0.0625
31 4500 0.8199284076690674 0.46560007333755493 0.4186529517173767 0.7701149582862854 0.10197868943214417
31 4530 0.7595463395118713 0.47810792922973633 0.2362678200006485 0.47058823704719543 0.03818615898489952
31 4540 0.7821282744407654 0.4866328537464142 0.23894773423671722 0.6122449040412903 0.08219178020954132
31 4550 0.7898194789886475 0.5448266863822937 0.5181262493133545 0.4793388545513153 0.061181433498859406
31 4560 0.8480609655380249 0.5480381846427917 0.20410621166229248 0.5365853905677795 0.07236842066049576
31 4570 0.7856104373931885 0.5224059224128723 0.24877063930034637 0.5 0.021897809579968452
31 4580 0.8619887828826904 0.5047744512557983 0.42661967873573303 0.7037037014961243 0.09268292784690857
31 4590 0.898210883140564 0.5198891162872314 0.4748045802116394 0.5 0.14035087823867798
32 4600 1.0825287103652954 0.32075631618499756 0.3746173083782196 0.40909090638160706 0.027522936463356018
32 4610 1.6778717041015625 0.1359979808330536 1.0374424457550049 0.4301075339317322 0.039960041642189026
32 4620 2.5334229469299316 0.11964985728263855 0.4591239094734192 0.5333333611488342 0.02826855145394802
32 4630 2.0942671298980713 0.10288073867559433 0.3291337490081787 1.0 0.010695187374949455
32 4640 6.601037502288818 0.013354290276765823 1.680418848991394 0.8235294222831726 0.03341288864612579
32 4650 4.0199971199035645 0.05591285973787308 0.4441385269165039 0.84375 0.09310344606637955
32 4660 2.418745994567871 0.14744295179843903 0.4262843132019043 0.625 0.09803921729326248
32 4670 3.9911773204803467 0.03205929324030876 0.5501613616943359 0.5333333611488342 0.01900237612426281
32 4680 2.4102299213409424 0.03429034352302551 0.3658750653266907 1.0 0.043209876865148544
32 4690 1.7702713012695312 0.11990365386009216 0.4800359606742859 0.40740740299224854 0.024444444105029106
32 4700 1.2679578065872192 0.25067955255508423 0.6040155291557312 0.48076921701431274 0.07022471725940704
32 4710 0.8738914728164673 0.4182862937450409 0.33086293935775757 0.3333333432674408 0.003496503457427025
32 4720 0.872474730014801 0.4070879817008972 0.731770932674408 0.8399999737739563 0.061403509229421616
32 4730 0.8148138523101807 0.6258743405342102 0.24882160127162933 0.3125 0.01312335953116417
33 4740 0.8017691373825073 0.6266477704048157 0.5823373794555664 0.7323943376541138 0.0826709046959877
33 4750 0.772489070892334 0.6673018932342529 0.2893196940422058 0.699999988079071 0.042553190141916275
33 4760 0.7504816055297852 0.6004952788352966 0.27657079696655273 0.6428571343421936 0.11356467008590698
33 4770 0.814537525177002 0.5620428919792175 0.6893116235733032 0.4416666626930237 0.0519607849419117
33 4780 0.829399049282074 0.5429310202598572 0.7457003593444824 0.4848484992980957 0.03368420898914337
33 4790 0.7914541959762573 0.5600981712341309 0.29746732115745544 0.4117647111415863 0.016627078875899315
33 4800 0.7732155919075012 0.5313462615013123 0.3245813250541687 0.4054054021835327 0.03393665328621864
33 4810 0.9080186486244202 0.45011410117149353 0.21442484855651855 0.760869562625885 0.15283842384815216
33 4820 0.8178821802139282 0.5036597847938538 0.40922197699546814 0.42424243688583374 0.029598308727145195
33 4830 0.8514063358306885 0.5095372200012207 0.5738736391067505 0.32692307233810425 0.02987697720527649
33 4840 0.8247448801994324 0.5218836069107056 0.6757864356040955 0.4492753744125366 0.06385169923305511
33 4850 0.834770917892456 0.4726736843585968 0.5452477931976318 0.5641025900840759 0.04339250549674034
33 4860 1.1607792377471924 0.5279232263565063 0.6327519416809082 0.5714285969734192 0.10440456867218018
33 4870 0.9574000835418701 0.42746323347091675 0.9095657467842102 0.795918345451355 0.045507583767175674
34 4880 0.9099687337875366 0.48069101572036743 0.5136207342147827 0.44186046719551086 0.03675048425793648
34 4890 1.0261355638504028 0.5124775171279907 0.47252339124679565 0.46341463923454285 0.042222220450639725
34 4900 1.1404060125350952 0.4387694299221039 0.2957461476325989 0.4583333432674408 0.039007093757390976
34 4910 1.0774203538894653 0.4096869230270386 0.6768106818199158 0.5652173757553101 0.09219858050346375
34 4920 1.5025076866149902 0.2287820726633072 0.6572439670562744 0.3333333432674408 0.009316770359873772
34 4930 1.8795340061187744 0.10794031620025635 0.879359245300293 0.625 0.04087193310260773
34 4940 2.8439273834228516 0.07189733535051346 0.8186739683151245 0.15789473056793213 0.017142856493592262
34 4950 3.001533031463623 0.11207909137010574 0.43961700797080994 0.7142857313156128 0.1190476194024086
34 4960 3.8435680866241455 0.02580471709370613 0.5464361906051636 0.7567567825317383 0.08259586989879608
34 4970 10.557367324829102 0.008977132849395275 1.2314884662628174 0.6480447053909302 0.12691466510295868
34 4980 4.415091037750244 0.022723045200109482 0.34177541732788086 0.3333333432674408 0.012000000104308128
34 4990 2.2288966178894043 0.11094913631677628 0.372038334608078 0.7058823704719543 0.07384615391492844
34 5000 2.429938554763794 0.06211191043257713 1.3723362684249878 0.6721311211585999 0.0420512817800045
34 5030 2.090643882751465 0.09986063838005066 0.6512054800987244 0.5322580933570862 0.0712742954492569
34 5040 1.520517110824585 0.11353795230388641 0.6215813159942627 0.3448275923728943 0.05586592108011246
35 5050 1.296149730682373 0.24218538403511047 0.3129120469093323 0.78125 0.12077295035123825
35 5060 1.0927480459213257 0.37991848587989807 0.4952855706214905 0.625 0.02772643230855465
35 5070 0.8024215698242188 0.5257685780525208 0.14801771938800812 0.5555555820465088 0.12077295035123825
35 5080 0.9393798112869263 0.5308690667152405 0.20756849646568298 0.9354838728904724 0.12860310077667236
35 5090 0.8609890937805176 0.48169630765914917 2.2805628776550293 0.33714285492897034 0.023394132032990456
35 5100 0.9978620409965515 0.45950770378112793 0.8243275880813599 0.5512195229530334 0.09766637533903122
35 5110 0.8174134492874146 0.49723896384239197 0.1930682510137558 0.47058823704719543 0.0317460335791111
35 5120 1.0604381561279297 0.37828516960144043 0.175037682056427 0.5862069129943848 0.18784530460834503
35 5130 0.9833282232284546 0.3731856644153595 0.4410278797149658 0.4285714328289032 0.019780220463871956
35 5140 0.9624401330947876 0.4184911251068115 0.34918612241744995 0.8571428656578064 0.04054053872823715
35 5150 1.027555227279663 0.4706915616989136 0.8004471659660339 0.5769230723381042 0.08256880939006805
35 5160 1.1645526885986328 0.31889328360557556 0.7604396343231201 0.5778894424438477 0.09820666164159775
35 5170 1.0302529335021973 0.3841243088245392 1.3009698390960693 0.7808219194412231 0.04789916053414345
35 5180 0.9710486531257629 0.4871346950531006 1.0274828672409058 0.6000000238418579 0.11496350169181824
36 5190 1.0745350122451782 0.3639920651912689 0.5709434151649475 0.5625 0.06679034978151321
36 5200 0.9502617716789246 0.3444068729877472 0.41865304112434387 0.3947368562221527 0.035545025020837784
36 5210 0.971218466758728 0.3595423996448517 0.2338210493326187 0.2857142984867096 0.007462686393409967
36 5220 1.2235759496688843 0.275782972574234 0.6473459005355835 0.8181818127632141 0.18777942657470703
36 5230 1.8929330110549927 0.07378359138965607 0.4871220886707306 0.3636363744735718 0.009456264786422253
36 5240 2.2287511825561523 0.13616639375686646 0.5231512784957886 0.9333333373069763 0.045016076415777206
36 5250 3.741089344024658 0.057192977517843246 0.8731895685195923 0.60317462682724 0.05775076150894165
36 5260 6.058448791503906 0.023860782384872437 0.9433482885360718 0.6916666626930237 0.1765957474708557
36 5270 4.912392616271973 0.05644519627094269 1.3364677429199219 0.5542168617248535 0.15032680332660675
36 5280 5.778926372528076 0.06843985617160797 0.9891941547393799 0.6716417670249939 0.1465798020362854
36 5290 4.99033260345459 0.06892993301153183 0.39759472012519836 0.43478259444236755 0.04854368790984154
36 5300 4.022661209106445 0.07440082728862762 0.3606683015823364 0.29629629850387573 0.025723472237586975
36 5310 4.403641700744629 0.013937420211732388 0.18580755591392517 0.5 0.03378378227353096
36 5320 3.0755860805511475 0.021405188366770744 1.1488194465637207 0.6499999761581421 0.014689265750348568
37 5330 1.7247095108032227 0.10486898571252823 0.35220474004745483 0.7118644118309021 0.125
37 5340 1.6601780652999878 0.0774063840508461 0.6926840543746948 0.75 0.014950166456401348
37 5350 1.3333134651184082 0.22130531072616577 0.4365789592266083 0.38461539149284363 0.020661156624555588
37 5360 0.9861787557601929 0.42295584082603455 0.7494887709617615 0.6846153736114502 0.09329140186309814
37 5370 1.0198370218276978 0.44380223751068115 0.3844073414802551 0.49275362491607666 0.07375270873308182
37 5380 1.0801653861999512 0.3498207926750183 0.38372698426246643 0.7058823704719543 0.07531380653381348
37 5390 0.9265444278717041 0.41842183470726013 0.19209441542625427 0.529411792755127 0.10843373835086823
37 5400 0.9293386936187744 0.30266132950782776 0.40449514985084534 0.5 0.030674846842885017
37 5410 0.9417126178741455 0.4090912938117981 0.11911174654960632 0.0 0.0
37 5420 1.1273938417434692 0.33291855454444885 0.5753238201141357 0.694915235042572 0.07205624133348465
37 5430 0.9586447477340698 0.40598899126052856 0.304909884929657 0.375 0.09322033822536469
37 5440 0.8942503333091736 0.34313562512397766 1.0915017127990723 0.5985401272773743 0.05786873772740364
37 5450 0.9839192628860474 0.3048686981201172 0.47546491026878357 0.1269841343164444 0.012048192322254181
37 5460 0.9213125109672546 0.2878672182559967 2.125844717025757 0.27173912525177 0.02955082803964615
38 5470 1.0876799821853638 0.30362144112586975 0.3175448179244995 0.75 0.17538461089134216
38 5480 0.9618253111839294 0.2914755940437317 1.3219060897827148 0.489130437374115 0.030487805604934692
38 5490 0.8999477624893188 0.38288021087646484 0.4729548394680023 0.3483146131038666 0.03994845226407051
38 5500 0.987977147102356 0.35478928685188293 0.32113564014434814 0.746666669845581 0.11618257313966751
38 5530 0.8230748176574707 0.45752856135368347 0.4166008532047272 0.447761207818985 0.058939095586538315
38 5540 0.7967148423194885 0.4434744119644165 0.35862743854522705 0.6486486196517944 0.033426184207201004
38 5550 0.9576376676559448 0.39137670397758484 0.3434436023235321 0.7473683953285217 0.12701252102851868
38 5560 0.9568839073181152 0.3522598147392273 0.09774529933929443 0.5142857432365417 0.10650887340307236
38 5570 0.8799573183059692 0.42802688479423523 0.25207656621932983 0.653333306312561 0.12694300711154938
38 5580 0.7819907665252686 0.4414078891277313 0.250771164894104 0.5 0.04661016911268234
38 5590 1.109286904335022 0.39171868562698364 0.3481183648109436 0.4363636374473572 0.17733989655971527
38 5600 1.0320117473602295 0.3811546564102173 0.5446164608001709 0.4615384638309479 0.0276497695595026
38 5610 1.0214077234268188 0.349438339471817 1.1240336894989014 0.5904255509376526 0.08512269705533981
38 5620 0.9209441542625427 0.44687947630882263 0.3286914825439453 0.5681818127632141 0.06393861770629883
38 5630 1.012174129486084 0.36747413873672485 0.411548912525177 0.2650602459907532 0.05045871436595917
39 5640 1.17304265499115 0.32794585824012756 0.3428173065185547 0.800000011920929 0.11566264927387238
39 5650 0.9906489253044128 0.3535163402557373 0.285812646150589 0.0714285746216774 0.002577319508418441
39 5660 1.275077223777771 0.29663166403770447 0.5402354598045349 0.6902654767036438 0.14772726595401764
39 5670 0.9470648169517517 0.2687455713748932 0.9990910291671753 0.38181817531585693 0.0221052635461092
39 5680 1.4598636627197266 0.18794219195842743 0.3091978430747986 0.625 0.09124087542295456
39 5690 2.777109146118164 0.11641427874565125 1.0469998121261597 0.5841584205627441 0.15691488981246948
39 5700 2.2265796661376953 0.12473931908607483 0.5976526141166687 0.7888888716697693 0.1305147111415863
39 5710 1.8496217727661133 0.1241888701915741 1.4611984491348267 0.5263158082962036 0.036075036972761154
39 5720 1.1807032823562622 0.18844161927700043 0.4333764612674713 0.6428571343421936 0.020361991599202156
39 5730 1.2069852352142334 0.23772232234477997 0.2136755734682083 0.4285714328289032 0.03658536449074745
39 5740 1.0389587879180908 0.3363106846809387 0.8544515371322632 0.5079365372657776 0.03451995551586151
39 5750 1.1146023273468018 0.41124802827835083 0.24702903628349304 0.9375 0.05376344174146652
39 5760 1.0225337743759155 0.4522884786128998 0.23203986883163452 0.41818180680274963 0.08646616339683533
39 5770 0.8298537731170654 0.4070892333984375 0.32939794659614563 0.49056604504585266 0.054393306374549866
40 5780 1.0934466123580933 0.3240981996059418 0.3394903242588043 0.7099999785423279 0.1339622586965561
40 5790 1.0014389753341675 0.38347166776657104 0.28878268599510193 0.5952380895614624 0.09090909361839294
40 5800 0.9519166946411133 0.3799575865268707 0.8294930458068848 0.573913037776947 0.0754285678267479
40 5810 1.0460481643676758 0.38407018780708313 0.24315379559993744 0.6388888955116272 0.12994350492954254
40 5820 1.1673321723937988 0.3066594898700714 0.40907925367355347 0.11363636702299118 0.012195121496915817
40 5830 0.9752760529518127 0.38546279072761536 0.7182454466819763 0.7317073345184326 0.09771987050771713
40 5840 1.0706394910812378 0.2694949209690094 0.49566683173179626 0.44117647409439087 0.05244755372405052
40 5850 1.6311379671096802 0.1774320751428604 0.6762084364891052 0.7142857313156128 0.03846153989434242
40 5860 1.7839837074279785 0.1451512575149536 0.8422159552574158 0.3382352888584137 0.033923305571079254
40 5870 3.807572364807129 0.014392183162271976 2.754408121109009 0.35576921701431274 0.024183006957173347
40 5880 3.2119333744049072 0.071284219622612 1.3081878423690796 0.6274510025978088 0.057245079427957535
40 5890 7.194584369659424 0.009263068437576294 0.8193005323410034 0.1818181872367859 0.011661808006465435
40 5900 5.179871082305908 0.027190295979380608 0.5043452382087708 0.7346938848495483 0.18320611119270325
40 5910 3.9903509616851807 0.021738287061452866 0.6525521278381348 0.7142857313156128 0.05070994049310684
41 5920 3.490670680999756 0.022603988647460938 0.5773242712020874 0.3333333432674408 0.044917259365320206
41 5930 2.035466194152832 0.0754951760172844 0.37471306324005127 0.38461539149284363 0.028409091755747795
41 5940 1.6619817018508911 0.14022769033908844 0.5714552998542786 0.22641509771347046 0.04918032884597778
41 5950 0.9545522928237915 0.3473944365978241 0.4969535768032074 0.6315789222717285 0.1418439745903015
41 5960 0.7607636451721191 0.46696552634239197 0.15294450521469116 0.0 0.0
41 5970 1.073624849319458 0.31682854890823364 0.32988786697387695 0.05000000074505806 0.0065146577544510365
41 5980 1.1470601558685303 0.3788081109523773 0.25713980197906494 0.6938775777816772 0.11003236472606659
41 5990 0.9243060350418091 0.3929988443851471 0.5621353983879089 0.5287356376647949 0.05418138951063156
41 6000 1.0086008310317993 0.32213839888572693 0.488265722990036 0.9473684430122375 0.025034770369529724
41 6030 1.1099528074264526 0.2855668067932129 0.41922035813331604 0.6774193644523621 0.044025156646966934
41 6040 1.0633960962295532 0.23380212485790253 0.22031275928020477 0.48148149251937866 0.0445205494761467
41 6050 1.0290354490280151 0.32425081729888916 0.20902247726917267 0.6117647290229797 0.1704917997121811
41 6060 1.1626238822937012 0.25546741485595703 0.5891997218132019 0.7920792102813721 0.10165183991193771
41 6070 1.1097782850265503 0.3079395592212677 0.6833347082138062 0.49253731966018677 0.03125
41 6080 1.2717500925064087 0.23744350671768188 0.2757945954799652 0.9090909361839294 0.042016807943582535
42 6090 0.8683503866195679 0.2859269380569458 0.359575480222702 0.3333333432674408 0.01193317398428917
42 6100 1.1761975288391113 0.24957814812660217 1.9641565084457397 0.5177664756774902 0.05743243172764778
42 6110 0.9555467367172241 0.3570079207420349 0.5690387487411499 0.2083333283662796 0.007385524455457926
42 6120 1.1035159826278687 0.19694167375564575 0.2529752552509308 0.5789473652839661 0.040441177785396576
42 6130 1.3971409797668457 0.2124125212430954 0.42500460147857666 0.8117647171020508 0.1019202396273613
42 6140 1.175476312637329 0.2292584627866745 0.3969317674636841 0.29411765933036804 0.021008403971791267
42 6150 1.146505355834961 0.2997215688228607 0.4525911211967468 0.29411765933036804 0.031982943415641785
42 6160 1.3824766874313354 0.19667227566242218 0.28852295875549316 0.5465116500854492 0.09650924056768417
42 6170 1.480104684829712 0.12918126583099365 1.2891393899917603 0.4359999895095825 0.09121339023113251
42 6180 1.5882389545440674 0.27942749857902527 0.7128264904022217 0.7266187071800232 0.15562403202056885
42 6190 2.5027027130126953 0.10858546942472458 0.5263516902923584 0.719298243522644 0.10817942023277283
42 6200 2.723522901535034 0.13187117874622345 0.5350965261459351 0.5625 0.017578125
42 6210 2.5020394325256348 0.01971321366727352 0.6638163328170776 0.0 0.0
42 6220 4.239993095397949 0.045907337218523026 0.5841039419174194 0.5645161271095276 0.0833333358168602
43 6230 6.6095404624938965 0.023615460842847824 1.1937676668167114 0.5779816508293152 0.09797822684049606
43 6240 6.697754859924316 0.018626974895596504 0.6969857215881348 0.5771812200546265 0.15439856052398682
43 6250 5.203459739685059 0.022454967722296715 0.44648265838623047 0.5416666865348816 0.08965517580509186
43 6260 17.32094955444336 0.0004672751238103956 0.6348545551300049 0.4137931168079376 0.0357142873108387
43 6270 16.608654022216797 0.0009822547435760498 0.7871432304382324 0.6025640964508057 0.12983424961566925
43 6280 5.69620943069458 0.01622897945344448 1.7133015394210815 0.32673266530036926 0.03329969570040703
43 6290 3.514176607131958 0.06167873367667198 0.43704524636268616 0.8461538553237915 0.15492957830429077
43 6300 2.7789969444274902 0.08368626236915588 0.33340874314308167 0.3333333432674408 0.039393939077854156
43 6310 3.079491138458252 0.02198149636387825 0.3023461103439331 0.6774193644523621 0.20723684132099152
43 6320 2.1640310287475586 0.07098833471536636 0.527790904045105 0.4264705777168274 0.04974270984530449
43 6330 1.8038609027862549 0.06153905764222145 0.20955204963684082 0.42105263471603394 0.025723472237586975
43 6340 1.2448854446411133 0.22728890180587769 0.2611638307571411 0.5932203531265259 0.10606060922145844
43 6350 1.2610788345336914 0.22434532642364502 0.7153595685958862 0.5199999809265137 0.07001795619726181
43 6360 0.9226295351982117 0.3215181231498718 0.14864231646060944 0.4545454680919647 0.18617020547389984
44 6370 1.2375177145004272 0.2602187991142273 0.4025469720363617 0.6137930750846863 0.1410459578037262
44 6380 1.074280023574829 0.3687664270401001 0.1781410127878189 0.4615384638309479 0.0656934306025505
44 6390 1.1349260807037354 0.3060230612754822 0.2611733376979828 0.5681818127632141 0.11389521509408951
44 6400 1.071276307106018 0.28905490040779114 2.7190957069396973 0.3333333432674408 0.03122703917324543
44 6410 1.068892478942871 0.3399617373943329 0.18396660685539246 0.4931506812572479 0.11650485545396805
44 6420 0.9318153858184814 0.34197092056274414 0.1980190873146057 0.7857142686843872 0.05140186846256256
44 6430 0.986125648021698 0.23611730337142944 0.32010629773139954 0.7272727489471436 0.04060913622379303
44 6440 1.223862886428833 0.2859516143798828 0.5058808922767639 0.3366336524486542 0.0693877562880516
44 6450 0.9882053136825562 0.2514786720275879 0.4772001802921295 0.2666666805744171 0.008230452425777912
44 6460 1.1512665748596191 0.2576671242713928 0.28821736574172974 0.6315789222717285 0.07868852466344833
44 6470 0.9936538934707642 0.3708127737045288 0.15804842114448547 0.6153846383094788 0.08955223858356476
44 6480 1.2184510231018066 0.20123708248138428 0.6251258254051208 0.5882353186607361 0.06385695934295654
44 6490 1.197533369064331 0.277887225151062 0.7675021886825562 0.6060606241226196 0.02427184395492077
44 6500 1.9109452962875366 0.14937371015548706 0.4910127818584442 0.6228070259094238 0.12369337677955627
45 6530 1.2939552068710327 0.26761963963508606 0.7609372138977051 0.3076923191547394 0.006430868059396744
45 6540 1.2603528499603271 0.24752378463745117 0.9564870595932007 0.6470588445663452 0.08784383535385132
45 6550 1.7612524032592773 0.15408866107463837 0.5454481840133667 0.6048387289047241 0.12755101919174194
45 6560 1.8750189542770386 0.17367246747016907 0.7069737315177917 0.3888888955116272 0.026565464213490486
45 6570 3.9101955890655518 0.027556780725717545 0.7271499633789062 0.4819277226924896 0.13793103396892548
45 6580 5.722186088562012 0.03553399071097374 1.2482123374938965 0.4166666567325592 0.027894003316760063
45 6590 5.118849754333496 0.020591648295521736 0.49029645323753357 0.9210526347160339 0.0969529077410698
45 6600 7.577262878417969 0.00582763971760869 1.1308456659317017 0.6525423526763916 0.16523605585098267
45 6610 4.800375461578369 0.08120644837617874 0.2851077616214752 0.5 0.011857707053422928
45 6620 4.238237380981445 0.00903914961963892 0.725152850151062 0.5862069129943848 0.08037824928760529
45 6630 2.5104787349700928 0.049711260944604874 0.21197283267974854 0.44117647409439087 0.06147541105747223
45 6640 1.7454091310501099 0.1021098792552948 3.553886890411377 0.3668639063835144 0.02246376872062683
45 6650 1.578658103942871 0.14453405141830444 0.29604196548461914 0.5526315569877625 0.06402438879013062
45 6660 1.5680326223373413 0.20801942050457 0.6359513998031616 0.43352600932121277 0.11556240171194077
45 6670 1.3126144409179688 0.21802444756031036 0.1657159924507141 0.875 0.02651515230536461
46 6680 1.3608907461166382 0.3002382218837738 0.20827323198318481 0.7027027010917664 0.22807016968727112
46 6690 1.0934107303619385 0.2953096032142639 0.5584518313407898 0.5675675868988037 0.025641025975346565
46 6700 1.226115107536316 0.26205646991729736 0.2627219557762146 0.4285714328289032 0.09756097197532654
46 6710 1.3136650323867798 0.2812267541885376 0.7029805183410645 0.5902777910232544 0.13513512909412384
46 6720 1.0775067806243896 0.1984996497631073 1.5438594818115234 0.5 0.003734129946678877
46 6730 1.2238367795944214 0.2837466597557068 0.6550533771514893 0.4587155878543854 0.09765625
46 6740 2.1209731101989746 0.08789337426424026 0.4093935489654541 0.3333333432674408 0.034383952617645264
46 6750 2.2377097606658936 0.22202278673648834 0.47824031114578247 0.6592592597007751 0.20366132259368896
46 6760 2.1851463317871094 0.08281027525663376 0.9936822056770325 0.5285714268684387 0.044364508241415024
46 6770 1.8225512504577637 0.19305747747421265 0.5232987999916077 0.6000000238418579 0.22926829755306244
46 6780 2.0064549446105957 0.09859205782413483 1.8403226137161255 0.5846154093742371 0.08033826947212219
46 6790 1.9933063983917236 0.12295268476009369 0.8948845863342285 0.611940324306488 0.08367346972227097
46 6800 1.8868800401687622 0.08857779949903488 0.21562911570072174 0.5384615659713745 0.10880828648805618
46 6810 4.076124668121338 0.010297974571585655 0.6487835049629211 0.30434781312942505 0.020588235929608345
47 6820 5.3270392417907715 0.0602298378944397 0.6134257912635803 0.5362318754196167 0.07326732575893402
47 6830 4.921924114227295 0.06640896201133728 1.2462867498397827 0.5467289686203003 0.09677419066429138
47 6840 14.560958862304688 0.009379277937114239 0.8212102055549622 0.7058823704719543 0.056338027119636536
47 6850 17.416059494018555 0.011376673355698586 2.9884419441223145 0.5632184147834778 0.035766422748565674
47 6860 5.475379943847656 0.016254214569926262 1.4987471103668213 0.5968586206436157 0.08571428805589676
47 6870 4.720590114593506 0.00799807719886303 0.23183488845825195 0.05000000074505806 0.005524862091988325
47 6880 3.691917657852173 0.0855308398604393 0.28778305649757385 0.7543859481811523 0.149825781583786
47 6890 2.907691240310669 0.02750217355787754 0.4370668828487396 0.5454545617103577 0.07547169923782349
47 6900 1.7241301536560059 0.18167655169963837 0.6098097562789917 0.4606741666793823 0.08151093125343323
47 6910 1.8275134563446045 0.11015882343053818 0.3062533438205719 0.6875 0.029972752556204796
47 6920 1.5796394348144531 0.1661510318517685 0.6647508144378662 0.460317462682724 0.03708440065383911
47 6930 1.27361261844635 0.2364659607410431 0.3213135004043579 0.5 0.1090909093618393
47 6940 1.680385947227478 0.1281919628381729 0.35853520035743713 0.6421568393707275 0.22316865622997284
47 6950 1.342695713043213 0.21266694366931915 0.29723697900772095 0.5671641826629639 0.09620252996683121
48 6960 1.6065888404846191 0.1331857144832611 0.37962573766708374 0.6000000238418579 0.028639618307352066
48 6970 1.5727198123931885 0.13069069385528564 0.6665875911712646 0.6912442445755005 0.12437810748815536
48 6980 1.5862442255020142 0.10973234474658966 0.6600104570388794 0.7256637215614319 0.10249999910593033
48 6990 1.7814801931381226 0.1154807060956955 0.38669562339782715 0.5 0.07125306874513626
48 7000 1.4735134840011597 0.14307735860347748 0.38110730051994324 0.3333333432674408 0.06680584698915482
48 7030 1.7608860731124878 0.08556296676397324 0.5764148831367493 0.5652173757553101 0.08012326806783676
48 7040 1.5609979629516602 0.07129741460084915 0.12965664267539978 0.5882353186607361 0.05291005223989487
48 7050 1.4965815544128418 0.18993161618709564 0.34498584270477295 0.6415094137191772 0.12186379730701447
48 7060 1.2144581079483032 0.24369430541992188 1.8670096397399902 0.38857144117355347 0.049418605864048004
48 7070 3.0205819606781006 0.018937621265649796 0.7315418124198914 0.708737850189209 0.10625910013914108
48 7080 3.0222389698028564 0.012571718543767929 1.1049894094467163 0.31343284249305725 0.02036857418715954
48 7090 2.4970993995666504 0.07420530170202255 0.5216968059539795 0.42105263471603394 0.021739130839705467
48 7100 2.185260057449341 0.12159328162670135 0.7092850804328918 0.567307710647583 0.13228699564933777
48 7110 1.587369441986084 0.20194536447525024 0.16141696274280548 0.6307692527770996 0.16141732037067413
49 7120 1.7651890516281128 0.1596086621284485 0.20345625281333923 0.4354838728904724 0.07988165318965912
49 7130 1.7506242990493774 0.18988245725631714 0.4055896997451782 0.6764705777168274 0.09623430669307709
49 7140 2.200270652770996 0.10534955561161041 0.6089307069778442 0.43790850043296814 0.16183574497699738
49 7150 3.795891284942627 0.018562542274594307 0.5707522630691528 0.4375 0.013972056098282337
49 7160 3.440162420272827 0.08586622029542923 0.47178518772125244 0.7222222089767456 0.030732860788702965
49 7170 15.786953926086426 0.008394116535782814 1.2029839754104614 0.5476190447807312 0.028117358684539795
49 7180 20.77644157409668 0.031819116324186325 0.4219885468482971 0.49180328845977783 0.10600706934928894
49 7190 12.091309547424316 0.039078302681446075 0.8526447415351868 0.5190839767456055 0.14498934149742126
49 7200 28.117908477783203 0.01277737133204937 2.1950814723968506 0.6181818246841431 0.05980650708079338
49 7210 11.135903358459473 0.0792633667588234 0.7955754399299622 0.7179487347602844 0.07567567378282547
49 7220 15.97075366973877 0.040856484323740005 1.4841258525848389 0.5621890425682068 0.10939012467861176
49 7230 23.39967155456543 0.006549234967678785 0.4961143434047699 0.568345308303833 0.24458204209804535
49 7240 21.795595169067383 0.013638737611472607 0.5803673267364502 0.36764705181121826 0.05040322616696358
49 7250 32.120704650878906 0.00044598086969926953 0.35003793239593506 0.7804877758026123 0.10457516461610794
50 7260 16.443647384643555 0.015148601494729519 0.1854342520236969 0.3142857253551483 0.055276382714509964
50 7270 8.407941818237305 0.059942301362752914 0.6958945989608765 0.6428571343421936 0.14084507524967194
50 7280 6.252656936645508 0.01880652830004692 0.567419171333313 0.5249999761581421 0.12256809324026108
50 7290 3.7116379737854004 0.013489923439919949 0.26349449157714844 0.8461538553237915 0.08967391401529312
50 7300 2.0814058780670166 0.11595594137907028 0.3336849808692932 0.739130437374115 0.08056872338056564
50 7310 1.5778512954711914 0.148331880569458 0.19333161413669586 0.0 0.0
50 7320 1.7305670976638794 0.1551215499639511 0.2926080524921417 0.6319444179534912 0.18458418548107147
50 7330 1.2022650241851807 0.2317294478416443 0.4726393520832062 0.32786884903907776 0.02309468761086464
50 7340 1.2072348594665527 0.2906436026096344 0.311479389667511 0.6161616444587708 0.12577319145202637
50 7350 1.1465845108032227 0.29582494497299194 0.10568902641534805 0.10526315867900848 0.009433962404727936
50 7360 1.3660478591918945 0.2032390832901001 0.31203657388687134 0.4852941036224365 0.07432432472705841
50 7370 1.6811641454696655 0.13684028387069702 0.15697592496871948 0.4054054021835327 0.0555555559694767
50 7380 1.5082974433898926 0.11277496814727783 0.33873873949050903 0.4736842215061188 0.017475727945566177
50 7390 1.3378877639770508 0.22204558551311493 0.15664860606193542 0.5909090638160706 0.045614033937454224
50 7400 1.50832998752594 0.2193138152360916 0.29882457852363586 0.5 0.057395145297050476
51 7410 1.3627196550369263 0.2539903521537781 0.3766278028488159 0.5360000133514404 0.11092714965343475
51 7420 1.9852427244186401 0.09423790872097015 0.20941711962223053 0.7716535329818726 0.2295081913471222
51 7430 1.3090530633926392 0.24513909220695496 0.31518542766571045 0.20000000298023224 0.00561797758564353
51 7440 1.3243153095245361 0.23481358587741852 0.30993515253067017 0.6015625 0.2150837928056717
51 7450 1.4684481620788574 0.15907402336597443 0.2055569887161255 0.5656565427780151 0.1355932205915451
51 7460 1.6813923120498657 0.11250118166208267 0.42232099175453186 0.45384615659713745 0.09455128014087677
51 7470 2.3699135780334473 0.0485963448882103 0.37372374534606934 0.7338709831237793 0.1281690150499344
51 7480 1.414038896560669 0.11962421238422394 1.243604302406311 0.6153846383094788 0.04114621505141258
51 7490 1.8066948652267456 0.11602088063955307 0.12596678733825684 0.6388888955116272 0.1026785746216774
51 7500 2.2400104999542236 0.08401874452829361 0.20085793733596802 0.6666666865348816 0.1469387710094452
51 7530 1.776046633720398 0.09348960965871811 0.5016037225723267 0.7799999713897705 0.1150442510843277
51 7540 2.050323963165283 0.06485220789909363 0.8983915448188782 0.5609756112098694 0.08666164427995682
51 7550 2.269897222518921 0.08047842234373093 0.46420830488204956 0.3305785059928894 0.08869179338216782
51 7560 1.7143058776855469 0.12096650898456573 1.7535455226898193 0.4000000059604645 0.011057360097765923
52 7570 2.6554059982299805 0.06484010070562363 0.444953978061676 0.3644067943096161 0.08921162039041519
52 7580 2.591076374053955 0.04339480772614479 0.4541683793067932 0.6000000238418579 0.057416267693042755
52 7590 2.0245320796966553 0.06836365163326263 2.725628614425659 0.3956044018268585 0.041714947670698166
52 7600 2.101090669631958 0.10197972506284714 0.4488956332206726 0.5164835453033447 0.10561797767877579
52 7610 3.4997243881225586 0.02787083014845848 0.40295305848121643 0.6206896305084229 0.06741572916507721
52 7620 3.2445478439331055 0.09092216938734055 0.2613603472709656 0.49494948983192444 0.13573406636714935
52 7630 2.6438817977905273 0.04218492656946182 0.9882910251617432 0.35087719559669495 0.0193986427038908
52 7640 4.65400505065918 0.1038130596280098 0.6986575722694397 0.46341463923454285 0.03598484769463539
52 7650 22.2533016204834 0.0011824954999610782 3.3181049823760986 0.34285715222358704 0.054794520139694214
52 7660 14.578865051269531 0.04503021761775017 0.832829475402832 0.5632184147834778 0.0729166641831398
52 7670 16.759788513183594 0.0018646309617906809 0.4111425578594208 0.25 0.05498281866312027
52 7680 8.987325668334961 0.011155152693390846 0.26634010672569275 0.523809552192688 0.02813299186527729
52 7690 4.577322006225586 0.006488388404250145 0.8391303420066833 0.42774567008018494 0.08584687113761902
52 7700 2.275707244873047 0.07158215343952179 0.680351972579956 0.4615384638309479 0.019823787733912468
53 7710 2.7005386352539062 0.02510976605117321 0.2596287727355957 0.1538461595773697 0.009478673338890076
53 7720 2.1928908824920654 0.10951798409223557 0.4790129065513611 0.42168673872947693 0.06692160665988922
53 7730 1.8418197631835938 0.056390903890132904 0.276663601398468 0.3571428656578064 0.01291989628225565
53 7740 1.8166481256484985 0.07058317214250565 0.3205776512622833 0.13636364042758942 0.014388489536941051
53 7750 2.1087608337402344 0.09776405245065689 0.4157329797744751 0.60317462682724 0.07183364778757095
53 7760 2.06923246383667 0.07015898823738098 0.25446707010269165 0.7402597665786743 0.13539192080497742
53 7770 2.6510376930236816 0.05247446894645691 0.597550630569458 0.523809552192688 0.10185185074806213
53 7780 2.8311526775360107 0.026358725503087044 0.30490460991859436 0.5725806355476379 0.18537859618663788
53 7790 2.2729902267456055 0.056391824036836624 0.22367386519908905 0.529411792755127 0.032967034727334976
53 7800 2.0176665782928467 0.16010576486587524 0.44894957542419434 0.4615384638309479 0.03180212154984474
53 7810 2.3188157081604004 0.06217033416032791 0.726763904094696 0.6106194853782654 0.12637363374233246
53 7820 2.3545849323272705 0.049819376319646835 0.9416994452476501 0.4794117510318756 0.1433597207069397
53 7830 3.246455192565918 0.018940458074212074 0.682357907295227 0.517241358757019 0.04279600456357002
53 7840 2.73732328414917 0.08619799464941025 0.5528655052185059 0.6231883764266968 0.13826367259025574
54 7850 3.446509838104248 0.033744797110557556 0.36876046657562256 0.5151515007019043 0.10149253904819489
54 7860 3.518815040588379 0.01159242819994688 0.6080901026725769 0.5833333134651184 0.10047847032546997
54 7870 5.122045516967773 0.005501221865415573 0.536048948764801 0.06666667014360428 0.00544959120452404
54 7880 5.392923831939697 0.19501987099647522 0.6184231042861938 0.5268816947937012 0.09589041024446487
54 7890 6.439714431762695 0.01084101665765047 0.41433054208755493 0.6341463327407837 0.15631262958049774
54 7900 5.26063871383667 0.025532377883791924 0.5379796028137207 0.52173912525177 0.06844106316566467
54 7910 3.245591402053833 0.10297419130802155 0.49403345584869385 0.44871795177459717 0.08641975373029709
54 7920 3.086113691329956 0.08999955654144287 0.2718738913536072 0.5957446694374084 0.095563143491745
54 7930 5.727408409118652 0.008944274857640266 0.7687178254127502 0.5 0.06596305966377258
54 7940 2.811861753463745 0.039453182369470596 0.3227963447570801 0.05000000074505806 0.003597122384235263
54 7950 3.154695749282837 0.0953076183795929 2.0344467163085938 0.2944444417953491 0.06257379055023193
54 7960 2.2499074935913086 0.12034576386213303 0.49034446477890015 0.650943398475647 0.15032680332660675
54 7970 2.213061571121216 0.14235830307006836 0.384888231754303 0.6333333253860474 0.10497237741947174
54 7980 2.941038131713867 0.025413688272237778 0.27327224612236023 0.2380952388048172 0.01858736015856266
55 7990 6.196521759033203 0.0024865164887160063 1.2058757543563843 0.5471698045730591 0.0593654029071331
55 8000 25.39837074279785 0.001147896284237504 0.5614486932754517 0.1875 0.010204081423580647
55 8030 29.59579849243164 0.0007623829296790063 1.2543684244155884 0.27941176295280457 0.03885480388998985
55 8040 15.465275764465332 0.04500344395637512 0.3952583074569702 0.5813953280448914 0.16286644339561462
55 8050 7.322066783905029 0.03179726377129555 0.8054918646812439 0.28378379344940186 0.032407406717538834
55 8060 14.989049911499023 0.06306654959917068 0.7444496154785156 0.5121951103210449 0.1599999964237213
55 8070 24.051837921142578 0.011455250903964043 0.610249400138855 0.0 0.0
55 8080 19.045289993286133 0.026412704959511757 0.5605515241622925 0.4883720874786377 0.04751131311058998
55 8090 9.04912281036377 0.000906298344489187 0.4772292375564575 0.6666666865348816 0.12293144315481186
55 8100 15.964447021484375 0.008591949939727783 0.5738333463668823 0.6060606241226196 0.1339285671710968
55 8110 7.225578308105469 0.007238965015858412 0.5035204887390137 0.5405405163764954 0.05037783458828926
55 8120 3.7201900482177734 0.12973612546920776 0.24106799066066742 0.5116279125213623 0.06489675492048264
55 8130 2.986666440963745 0.012365848757326603 0.7273910045623779 0.6225165724754333 0.10573678463697433
55 8140 2.722867250442505 0.03857633098959923 0.28711795806884766 0.4482758641242981 0.1340206116437912
55 8150 2.583435535430908 0.05811157450079918 0.15359221398830414 0.692307710647583 0.095238097012043
56 8160 1.821781873703003 0.07434046268463135 0.2160414457321167 0.37735849618911743 0.06172839552164078
56 8170 2.6086678504943848 0.07154209911823273 0.5094079971313477 0.47590360045433044 0.11465892940759659
56 8180 2.6487507820129395 0.05585163086652756 0.25419387221336365 0.5350877046585083 0.15844155848026276
56 8190 1.7276487350463867 0.13980895280838013 0.2889062166213989 0.49000000953674316 0.1317204236984253
56 8200 1.9630634784698486 0.070966936647892 0.38592851161956787 0.27586206793785095 0.017241379246115685
56 8210 1.8513976335525513 0.0731876790523529 0.33198729157447815 0.6756756901741028 0.05470459535717964
56 8220 2.7611234188079834 0.05277710407972336 0.4742021858692169 0.5604395866394043 0.08056872338056564
56 8230 1.953576922416687 0.17949789762496948 0.28403592109680176 0.6521739363670349 0.10765550285577774
56 8240 2.1401281356811523 0.10906168073415756 0.1881248950958252 0.5753424763679504 0.1458333283662796
56 8250 2.2189064025878906 0.05021430924534798 0.36188995838165283 0.47311827540397644 0.09185803681612015
56 8260 3.3114116191864014 0.07748492062091827 0.34853148460388184 0.3571428656578064 0.05305039882659912
56 8270 2.273383855819702 0.07552649080753326 0.7904977202415466 0.37288135290145874 0.024886878207325935
56 8280 2.725024700164795 0.0905131995677948 0.23507341742515564 0.25641027092933655 0.035335689783096313
56 8290 2.73976731300354 0.037188898772001266 0.8697236180305481 0.7272727489471436 0.021998167037963867
57 8300 3.0581328868865967 0.029300983995199203 0.24487632513046265 0.3571428656578064 0.04608295112848282
57 8310 2.006230592727661 0.10928350687026978 0.30464956164360046 0.6041666865348816 0.08262108266353607
57 8320 2.2935757637023926 0.07333680242300034 0.1975473016500473 0.4793388545513153 0.14646464586257935
57 8330 2.333479404449463 0.09146778285503387 0.28713923692703247 0.5 0.07621247321367264
57 8340 3.356070041656494 0.04330490529537201 0.18682950735092163 1.0 0.008733624592423439
57 8350 2.730231761932373 0.07116469740867615 0.5722569823265076 0.5054945349693298 0.10599078238010406
57 8360 2.814619302749634 0.03879670798778534 0.211930051445961 0.43283581733703613 0.09508197009563446
57 8370 2.4530434608459473 0.04749686270952225 0.18075841665267944 0.4189189076423645 0.1029900312423706
57 8380 2.755725383758545 0.04187093675136566 0.6389825344085693 0.2613636255264282 0.022504892200231552
57 8390 2.5571537017822266 0.09039913862943649 0.20389702916145325 0.5652173757553101 0.12460064142942429
57 8400 2.3186817169189453 0.10323020070791245 0.349702388048172 0.7368420958518982 0.12462908029556274
57 8410 3.416456699371338 0.04831552878022194 0.7766754627227783 0.6066176295280457 0.21710526943206787
57 8420 6.650467872619629 0.003382157301530242 0.6635617017745972 0.5151515007019043 0.0948660746216774
57 8430 6.382297515869141 0.04594989866018295 3.2379097938537598 0.7142857313156128 0.017289074137806892
58 8440 18.669849395751953 0.008303804323077202 0.7872588634490967 0.6904761791229248 0.09731543809175491
58 8450 31.664764404296875 0.0013175831409171224 1.2353339195251465 0.5229358077049255 0.05089285597205162
58 8460 24.78378677368164 0.010503907687962055 0.9224501252174377 0.3297872245311737 0.06666667014360428
58 8470 38.02996826171875 0.0004438208125066012 1.5395451784133911 0.6310344934463501 0.2270471453666687
58 8480 43.044227600097656 9.747787771630101e-06 0.9723377823829651 0.7817258834838867 0.18689320981502533
58 8490 22.769853591918945 0.017841240391135216 0.9471786022186279 0.342342346906662 0.10382513701915741
58 8500 43.05915069580078 1.7568796465639025e-05 0.4960523545742035 0.6666666865348816 0.02083333395421505
58 8530 20.618764877319336 0.04887564107775688 0.271439790725708 0.4571428596973419 0.06751054525375366
58 8540 26.140933990478516 0.005629277788102627 0.44339287281036377 0.7831325531005859 0.15892420709133148
58 8550 25.788850784301758 0.07936791330575943 0.38549214601516724 0.3199999928474426 0.02469135820865631
58 8560 18.90544891357422 0.00787428766489029 0.286599725484848 0.4122137427330017 0.24770642817020416
58 8570 14.826632499694824 0.004096719902008772 0.6000823974609375 0.5472972989082336 0.1551724076271057
58 8580 19.641624450683594 0.013664333149790764 0.4238346815109253 0.6233766078948975 0.10041841119527817
58 8590 5.881214141845703 0.019580591470003128 0.9694638252258301 0.34415584802627563 0.04944029822945595
58 8600 3.567199468612671 0.0032894527539610863 0.24957644939422607 0.0 0.0
59 8610 3.3543946743011475 0.018637266010046005 0.45574599504470825 0.25287356972694397 0.03559870645403862
59 8620 1.7504945993423462 0.10154923051595688 0.2844294607639313 0.4761904776096344 0.052219320088624954
59 8630 1.9924907684326172 0.052626896649599075 0.5905777812004089 0.28723403811454773 0.034090910106897354
59 8640 1.4406509399414062 0.13650763034820557 0.278531014919281 0.5393258333206177 0.11764705926179886
59 8650 1.341318130493164 0.16926847398281097 0.1605476438999176 0.5853658318519592 0.0714285746216774
59 8660 1.552067518234253 0.14875805377960205 0.38689401745796204 0.4615384638309479 0.041860464960336685
59 8670 1.7868623733520508 0.14284542202949524 0.12337002158164978 0.5116279125213623 0.09442060440778732
59 8680 1.8748843669891357 0.1663690209388733 0.23675855994224548 0.4794520437717438 0.10294117778539658
59 8690 2.2555272579193115 0.0713505744934082 0.9216713309288025 0.5072992444038391 0.1401209682226181
59 8700 2.346940279006958 0.13975249230861664 0.21588252484798431 0.643410861492157 0.20243902504444122
59 8710 1.419634222984314 0.1848977953195572 0.5465149879455566 0.5438596606254578 0.04217687249183655
59 8720 2.373037815093994 0.04193681851029396 0.2994158864021301 0.5 0.06709956377744675
59 8730 2.1981863975524902 0.11270676553249359 0.3749050199985504 0.6547619104385376 0.17214398086071014
59 8740 2.7489607334136963 0.03894985839724541 0.2518579661846161 0.5799999833106995 0.13711583614349365
60 8750 1.5415469408035278 0.17308443784713745 0.1564771831035614 0.1428571492433548 0.0031152646988630295
60 8760 2.1224992275238037 0.048167724162340164 1.2601019144058228 0.4390243887901306 0.06612784415483475
60 8770 2.398305892944336 0.044881753623485565 0.22905521094799042 0.577464759349823 0.21983914077281952
60 8780 2.416210412979126 0.05313778668642044 0.16628804802894592 0.3655914068222046 0.12408759444952011
60 8790 2.339444637298584 0.05397864803671837 0.3837982416152954 0.17391304671764374 0.006462035700678825
60 8800 2.6649560928344727 0.09072209894657135 0.3396640419960022 0.4038461446762085 0.03710247203707695
60 8810 1.7950507402420044 0.1257510930299759 0.45903271436691284 0.5403726696968079 0.21167883276939392
60 8820 1.8696712255477905 0.12828350067138672 0.19385993480682373 0.5762711763381958 0.11564625799655914
60 8830 2.730548143386841 0.07082663476467133 0.2104758322238922 0.3962264060974121 0.06603773683309555
60 8840 1.6590911149978638 0.2226586937904358 0.15366040170192719 0.7200000286102295 0.12720848619937897
60 8850 3.240929365158081 0.0524529404938221 0.34074151515960693 0.6666666865348816 0.05390835553407669
60 8860 2.5865132808685303 0.05487421900033951 0.35077568888664246 0.5714285969734192 0.10486891120672226
60 8870 2.926567554473877 0.03898165747523308 1.0627776384353638 0.32575756311416626 0.053152039647102356
60 8880 3.37215256690979 0.01861604116857052 0.2483382225036621 0.7384615540504456 0.11822660267353058
61 8890 4.070387363433838 0.06180678680539131 0.2301177680492401 0.5588235259056091 0.14339622855186462
61 8900 2.3221232891082764 0.10927408188581467 0.38280636072158813 0.43478259444236755 0.048426151275634766
61 8910 3.129570722579956 0.01626325584948063 0.21939235925674438 0.37037035822868347 0.0544959120452404
61 8920 3.5636940002441406 0.015841882675886154 0.4169519543647766 0.7868852615356445 0.11822660267353058
61 8930 5.695029258728027 0.031193962320685387 0.6168555617332458 0.3529411852359772 0.033088237047195435
61 8940 11.522851943969727 0.031403474509716034 0.8162382245063782 0.4653465449810028 0.11547911912202835
61 8950 10.355859756469727 0.003913810942322016 0.3836848735809326 0.3181818127632141 0.017283950001001358
61 8960 17.071453094482422 0.0013226266019046307 0.9878743886947632 0.4930555522441864 0.06610801070928574
61 8970 11.411364555358887 0.03455379232764244 0.2074676752090454 0.7118644118309021 0.16091954708099365
61 8980 6.118710517883301 0.038010124117136 0.25589871406555176 0.560606062412262 0.15416666865348816
61 8990 16.66482925415039 0.10204562544822693 0.24114584922790527 0.31578946113586426 0.02521008439362049
61 9000 28.223220825195312 0.002255442552268505 0.7155354022979736 0.6410256624221802 0.07122506946325302
61 9030 9.981529235839844 0.01258546207100153 1.3048911094665527 0.4841269850730896 0.058880310505628586
61 9040 37.18417739868164 7.324574835365638e-05 0.7214227914810181 0.5517241358757019 0.09448818862438202
61 9050 33.489471435546875 0.0006207090918906033 1.1809684038162231 0.5041322112083435 0.06124497950077057
62 9060 29.504011154174805 0.04255586862564087 0.3495379686355591 0.6666666865348816 0.031128404662013054
62 9070 35.068546295166016 0.007851379923522472 0.4207873046398163 0.3571428656578064 0.09328357875347137
62 9080 28.026891708374023 0.01661713980138302 1.0286006927490234 0.45370370149612427 0.08925318717956543
62 9090 39.055320739746094 3.7945723306620494e-05 0.6738224625587463 0.5696202516555786 0.08604206144809723
62 9100 21.589981079101562 0.007298633456230164 0.941736102104187 0.4466666579246521 0.07562077045440674
62 9110 16.738723754882812 0.04504440724849701 1.4370858669281006 0.25 0.01672535203397274
62 9120 37.10313034057617 7.163058762671426e-05 0.3758200407028198 0.7647058963775635 0.197826087474823
62 9130 5.665909290313721 0.11179544031620026 0.3223293721675873 0.7647058963775635 0.21487602591514587
62 9140 23.857370376586914 0.011173786595463753 0.3857385814189911 0.8421052694320679 0.09756097197532654
62 9150 30.151857376098633 2.051581395789981e-05 0.5728552341461182 0.6285714507102966 0.2549668848514557
62 9160 15.794127464294434 0.005762507673352957 0.29745593667030334 0.4444444477558136 0.08237986266613007
62 9170 16.31315803527832 0.0005927301244810224 0.2881137728691101 0.4901960790157318 0.06811989098787308
62 9180 6.143734931945801 0.003138262080028653 1.2645838260650635 0.6755555272102356 0.09902279824018478
62 9190 3.3303542137145996 0.018217990174889565 0.4228805899620056 0.7333333492279053 0.1059730276465416
63 9200 3.5477242469787598 0.011088025756180286 0.3661942780017853 0.7857142686843872 0.2614896893501282
63 9210 1.7377276420593262 0.16245026886463165 0.20674172043800354 0.0 0.0
63 9220 2.57240629196167 0.029264921322464943 0.3024711310863495 0.6170212626457214 0.12831857800483704
63 9230 1.7433969974517822 0.12094943970441818 0.5025447010993958 0.5436893105506897 0.06385404616594315
63 9240 2.188413143157959 0.05562441423535347 0.29115235805511475 0.443113774061203 0.14453125
63 9250 1.1644638776779175 0.23970185220241547 0.3405269384384155 0.5753424763679504 0.05204461142420769
63 9260 1.846693515777588 0.15357834100723267 0.21664279699325562 0.6054421663284302 0.23482850193977356
63 9270 1.8570353984832764 0.06763499230146408 0.29283496737480164 0.1428571492433548 0.008230452425777912
63 9280 1.9784318208694458 0.06851334869861603 0.2976447641849518 0.5339806079864502 0.10280373692512512
63 9290 1.9680207967758179 0.07536126673221588 0.36039137840270996 0.6534653306007385 0.18206895887851715
63 9300 2.014657735824585 0.09972212463617325 0.24352100491523743 0.5199999809265137 0.08423326164484024
63 9310 2.274596929550171 0.04195690527558327 0.17457854747772217 0.4736842215061188 0.09000000357627869
63 9320 2.0185582637786865 0.05045972019433975 0.08544589579105377 0.5882353186607361 0.04545454680919647
63 9330 2.1909215450286865 0.1769256591796875 0.24513280391693115 0.4655172526836395 0.260450154542923
64 9340 2.839383602142334 0.02349994145333767 0.17786595225334167 0.7580645084381104 0.14826498925685883
64 9350 2.015956163406372 0.1570872813463211 0.2393728792667389 0.4897959232330322 0.14814814925193787
64 9360 2.2798750400543213 0.1106579378247261 0.14415337145328522 0.7368420958518982 0.14000000059604645
64 9370 1.4497456550598145 0.07816476374864578 0.34701085090637207 0.41304346919059753 0.03171953186392784
64 9380 2.6689634323120117 0.027499867603182793 0.6734055280685425 0.536697268486023 0.09693454951047897
64 9390 1.8349552154541016 0.18720261752605438 0.5559265613555908 0.5780141949653625 0.1577928364276886
64 9400 2.0518219470977783 0.16999471187591553 0.20718292891979218 0.28205129504203796 0.030054645612835884
64 9410 2.3360226154327393 0.024646257981657982 0.1965409517288208 0.6086956262588501 0.07932011038064957
64 9420 2.648636817932129 0.02356732450425625 0.2180749475955963 0.6538461446762085 0.05135951563715935
64 9430 2.7688205242156982 0.041877228766679764 0.6653466820716858 0.5081967115402222 0.06540084630250931
64 9440 1.9690767526626587 0.14974763989448547 0.5679337382316589 0.49130433797836304 0.18051117658615112
64 9450 2.364558458328247 0.05074319243431091 0.22376954555511475 0.5806451439857483 0.101408451795578
64 9460 2.0017106533050537 0.12827888131141663 0.15372273325920105 0.565517246723175 0.32931727170944214
64 9470 2.4484968185424805 0.02866325154900551 0.14248178899288177 0.46875 0.047770701348781586
65 9480 1.872888207435608 0.10147599130868912 0.14111751317977905 0.43589743971824646 0.06800000369548798
65 9490 2.9174375534057617 0.023515980690717697 0.19949442148208618 0.6688741445541382 0.24220623075962067
65 9500 2.973583221435547 0.03208344429731369 0.906707763671875 0.5033556818962097 0.14677104353904724
65 9530 1.6533926725387573 0.13747450709342957 0.20159494876861572 0.38461539149284363 0.014367816038429737
65 9540 3.3963193893432617 0.009541557170450687 0.1517687886953354 0.22807016968727112 0.042763158679008484
65 9550 3.5491044521331787 0.07356508076190948 0.43836745619773865 0.41791045665740967 0.08370702713727951
65 9560 3.2278308868408203 0.017622651532292366 0.16886679828166962 0.35483869910240173 0.04089219495654106
65 9570 2.7692034244537354 0.06713399291038513 0.26931217312812805 0.570652186870575 0.3250773847103119
65 9580 3.259781837463379 0.009265809319913387 0.23932091891765594 0.48235294222831726 0.13993173837661743
65 9590 2.9915263652801514 0.026300271973013878 0.2243337333202362 0.5675675868988037 0.18584071099758148
65 9600 3.4475297927856445 0.01975753717124462 0.4894770681858063 0.45384615659713745 0.09735973924398422
65 9610 12.280097007751465 0.0004149304295424372 0.6704275608062744 0.5179487466812134 0.11184938997030258
65 9620 28.452167510986328 0.00034316390519961715 1.0027272701263428 0.46341463923454285 0.041214749217033386
65 9630 32.76580047607422 0.02196132391691208 0.6442996859550476 0.3962264060974121 0.05384615436196327
65 9640 24.33347511291504 0.05264745652675629 0.34576958417892456 0.37931033968925476 0.027918782085180283
66 9650 16.848806381225586 0.008752290159463882 0.3120948374271393 0.38596490025520325 0.09282700717449188
66 9660 24.62873077392578 0.007496160920709372 0.2468031495809555 0.3980582654476166 0.1564885526895523
66 9670 15.609871864318848 0.005677266977727413 0.609305202960968 0.5471698045730591 0.05340699851512909
66 9680 13.289702415466309 0.033518414944410324 0.34381863474845886 0.5211267471313477 0.2032967060804367
66 9690 6.8065690994262695 0.0221093762665987 0.237218976020813 0.3888888955116272 0.022653721272945404
66 9700 8.495287895202637 0.004089654423296452 0.7583068609237671 0.5738916397094727 0.29088640213012695
66 9710 5.599278926849365 0.0034209489822387695 0.7110479474067688 0.5384615659713745 0.07881268858909607
66 9720 4.000293254852295 0.015222455374896526 1.6584060192108154 0.6329113841056824 0.06693440675735474
66 9730 3.368466854095459 0.020377332344651222 1.394997239112854 0.26451611518859863 0.047018349170684814
66 9740 3.3876378536224365 0.028829054906964302 0.6320917010307312 0.5444015264511108 0.19502075016498566
66 9750 1.9569214582443237 0.08783242106437683 0.37066078186035156 0.44329896569252014 0.1387096792459488
66 9760 2.462273359298706 0.02130649797618389 0.2405640333890915 0.5961538553237915 0.08757062256336212
66 9770 1.5316779613494873 0.22768498957157135 0.375183641910553 0.6499999761581421 0.056399133056402206
66 9780 2.1197588443756104 0.15743222832679749 0.15040510892868042 0.4307692348957062 0.1111111119389534
67 9790 4.048469066619873 0.00324608595110476 0.28929316997528076 0.6000000238418579 0.19930070638656616
67 9800 2.461150884628296 0.13378335535526276 0.37428733706474304 0.4611110985279083 0.1736401617527008
67 9810 3.647664785385132 0.006200899835675955 0.5261988043785095 0.6013289093971252 0.22019465267658234
67 9820 2.2002763748168945 0.03671480715274811 0.7361413240432739 0.46327683329582214 0.07846889644861221
67 9830 2.187844753265381 0.10407691448926926 0.456717312335968 0.5321637392044067 0.19696970283985138
67 9840 1.912237286567688 0.10100588202476501 0.5719637870788574 0.18421052396297455 0.023333333432674408
67 9850 3.0848164558410645 0.010586133226752281 0.5687217116355896 0.594059407711029 0.11560693383216858
67 9860 4.229150772094727 0.06822066754102707 0.4193108081817627 0.4385964870452881 0.10940919071435928
67 9870 2.824657917022705 0.1100759357213974 0.26301103830337524 0.09090909361839294 0.008241758681833744
67 9880 3.3226542472839355 0.05862835422158241 0.39010462164878845 0.5144230723381042 0.25
67 9890 5.736061096191406 0.13308535516262054 0.16215983033180237 0.4912280738353729 0.1201716735959053
67 9900 2.3775107860565186 0.017474090680480003 0.5162733793258667 0.4000000059604645 0.030927835032343864
67 9910 1.9991297721862793 0.14939309656620026 0.17826475203037262 0.5 0.08582089841365814
67 9920 2.912065029144287 0.04505322128534317 0.5474808216094971 0.6442952752113342 0.14392803609371185
68 9930 3.436744213104248 0.008651437237858772 1.177666425704956 0.523809552192688 0.10576923191547394
68 9940 4.203352451324463 0.04130083695054054 0.3584240674972534 0.0833333358168602 0.005934718064963818
68 9950 3.5978286266326904 0.022497760131955147 0.5015013813972473 0.31578946113586426 0.019736841320991516
68 9960 3.157241106033325 0.017970934510231018 0.2881218492984772 0.49367088079452515 0.19897958636283875
68 9970 3.725534677505493 0.00921990443021059 0.6076710820198059 0.7117903828620911 0.24292100965976715
68 9980 2.6082675457000732 0.05524976924061775 0.2514329254627228 0.6241610646247864 0.21040724217891693
68 9990 2.8542139530181885 0.03928555175662041 0.35553622245788574 0.31481480598449707 0.03890160098671913
